50	12	1
12
	0	49	1	19	2	6	3	25	4	22	5	91	6	48	7	54	8	99	9	90	10	80	11	94
	0	93	1	91	2	61	3	27	4	90	5	36	6	43	7	54	8	19	9	46	10	47	11	65
	0	39	1	49	2	67	3	37	4	54	5	43	6	95	7	50	8	50	9	74	10	71	11	37
	0	61	1	47	2	64	3	53	4	57	5	56	6	69	7	66	8	59	9	46	10	35	11	85
	0	77	1	92	2	18	3	98	4	76	5	8	6	57	7	46	8	62	9	80	10	73	11	20
	0	98	1	26	2	100	3	76	4	44	5	72	6	33	7	85	8	19	9	69	10	6	11	1
	0	90	1	19	2	93	3	59	4	89	5	34	6	35	7	90	8	48	9	23	10	92	11	72
	0	67	1	94	2	18	3	98	4	100	5	91	6	66	7	69	8	71	9	49	10	8	11	20
	0	11	1	79	2	95	3	58	4	25	5	74	6	26	7	40	8	78	9	44	10	55	11	62
	0	11	1	71	2	14	3	83	4	80	5	96	6	67	7	67	8	20	9	21	10	85	11	59
	0	32	1	47	2	48	3	74	4	100	5	29	6	72	7	22	8	28	9	59	10	59	11	48
	0	6	1	76	2	77	3	10	4	98	5	97	6	58	7	67	8	53	9	73	10	25	11	4
	0	52	1	76	2	47	3	74	4	62	5	3	6	9	7	72	8	35	9	13	10	23	11	27
	0	13	1	80	2	44	3	22	4	73	5	79	6	30	7	45	8	92	9	92	10	13	11	51
	0	28	1	43	2	5	3	64	4	44	5	54	6	22	7	94	8	41	9	28	10	34	11	84
	0	23	1	57	2	45	3	77	4	87	5	56	6	93	7	16	8	38	9	20	10	78	11	63
	0	25	1	4	2	9	3	40	4	9	5	37	6	86	7	5	8	47	9	49	10	100	11	44
	0	11	1	30	2	57	3	95	4	25	5	18	6	31	7	86	8	29	9	97	10	45	11	14
	0	67	1	41	2	63	3	34	4	4	5	63	6	27	7	83	8	62	9	1	10	1	11	22
	0	86	1	27	2	51	3	11	4	33	5	79	6	45	7	98	8	83	9	18	10	83	11	45
	0	84	1	12	2	43	3	72	4	9	5	41	6	61	7	24	8	53	9	34	10	35	11	71
	0	39	1	25	2	44	3	24	4	62	5	34	6	8	7	84	8	52	9	77	10	59	11	10
	0	63	1	100	2	44	3	15	4	88	5	33	6	54	7	87	8	94	9	75	10	71	11	32
	0	92	1	2	2	49	3	48	4	23	5	100	6	12	7	17	8	70	9	21	10	82	11	27
	0	2	1	69	2	33	3	15	4	34	5	4	6	64	7	44	8	17	9	77	10	100	11	88
	0	53	1	90	2	23	3	60	4	34	5	73	6	20	7	57	8	5	9	97	10	60	11	27
	0	55	1	4	2	97	3	63	4	27	5	68	6	95	7	31	8	62	9	71	10	81	11	7
	0	60	1	21	2	19	3	52	4	71	5	76	6	15	7	5	8	7	9	5	10	43	11	6
	0	82	1	72	2	91	3	38	4	77	5	42	6	47	7	100	8	27	9	14	10	93	11	100
	0	36	1	80	2	35	3	78	4	18	5	8	6	52	7	49	8	59	9	47	10	77	11	75
	0	5	1	62	2	94	3	59	4	79	5	94	6	66	7	65	8	17	9	37	10	89	11	65
	0	35	1	51	2	65	3	9	4	17	5	93	6	5	7	18	8	27	9	74	10	56	11	8
	0	50	1	43	2	52	3	33	4	59	5	95	6	92	7	55	8	96	9	1	10	39	11	39
	0	96	1	72	2	47	3	77	4	16	5	34	6	17	7	28	8	8	9	41	10	65	11	93
	0	4	1	8	2	34	3	8	4	27	5	65	6	10	7	62	8	36	9	43	10	83	11	49
	0	87	1	81	2	16	3	30	4	23	5	59	6	53	7	36	8	86	9	55	10	38	11	83
	0	58	1	28	2	76	3	19	4	24	5	28	6	2	7	95	8	65	9	25	10	83	11	60
	0	64	1	69	2	51	3	81	4	53	5	73	6	48	7	87	8	73	9	22	10	3	11	43
	0	63	1	1	2	39	3	41	4	77	5	58	6	93	7	24	8	20	9	86	10	72	11	28
	0	11	1	27	2	27	3	55	4	79	5	8	6	57	7	66	8	67	9	1	10	33	11	5
	0	80	1	99	2	50	3	39	4	43	5	32	6	6	7	34	8	95	9	93	10	1	11	45
	0	99	1	98	2	64	3	41	4	81	5	72	6	6	7	45	8	98	9	53	10	95	11	12
	0	23	1	24	2	58	3	15	4	63	5	77	6	7	7	74	8	94	9	87	10	92	11	95
	0	27	1	28	2	77	3	43	4	97	5	100	6	41	7	38	8	78	9	89	10	5	11	73
	0	18	1	53	2	83	3	62	4	11	5	22	6	59	7	8	8	77	9	39	10	89	11	99
	0	82	1	13	2	28	3	30	4	75	5	2	6	78	7	45	8	52	9	25	10	71	11	11
	0	47	1	88	2	64	3	10	4	42	5	48	6	69	7	62	8	11	9	93	10	4	11	69
	0	80	1	50	2	71	3	83	4	18	5	17	6	53	7	8	8	50	9	23	10	47	11	13
	0	99	1	10	2	11	3	81	4	47	5	38	6	40	7	79	8	23	9	23	10	71	11	53
	0	21	1	90	2	8	3	49	4	37	5	60	6	73	7	56	8	32	9	53	10	84	11	78
SSD
M0
12	13	27	16	35	13	10	24	23	37	46	33	19	32	18	34	2	33	23	23	21	15	34	36	34	9	38	7	41	22	26	17	31	14	30	31	24	17	25	11	37	29	14	34	28	34	7	34	27	26	
18	6	17	42	14	36	1	13	27	17	29	22	14	43	21	32	13	44	18	25	17	15	9	22	10	2	14	17	14	19	24	24	16	5	11	35	7	30	20	30	1	3	35	29	28	31	7	20	3	3	
32	16	24	13	1	28	34	17	41	30	14	26	25	21	6	20	19	46	16	16	17	46	30	11	19	10	9	35	30	32	33	34	12	26	35	26	9	19	18	4	22	1	34	17	14	35	31	29	5	19	
2	20	14	23	22	27	15	5	18	18	16	2	7	30	17	22	5	25	15	15	20	28	14	21	2	16	1	21	16	24	16	10	7	29	31	28	14	20	17	3	5	21	1	27	20	24	25	9	15	12	
19	35	3	13	8	5	17	23	24	38	30	17	14	10	36	36	4	26	35	16	35	33	32	8	22	10	21	27	28	20	29	11	28	39	12	3	34	9	21	39	22	29	29	2	15	37	16	9	6	27	
8	12	16	14	14	17	6	12	17	27	19	14	7	37	25	25	8	39	30	15	2	37	23	12	11	28	1	33	17	4	25	14	21	7	1	2	23	18	10	26	8	5	25	4	19	30	19	12	24	22	
30	12	19	22	3	18	28	23	26	7	15	1	3	33	3	27	18	5	1	19	19	26	16	27	20	15	8	11	11	27	19	6	8	19	23	9	12	20	17	20	23	21	22	20	20	23	6	22	25	11	
13	18	16	14	31	26	1	5	22	30	24	14	12	19	18	14	17	25	4	20	8	20	26	17	14	28	18	20	1	14	6	19	8	32	6	5	22	17	14	10	9	14	30	7	24	14	24	17	20	5	
16	28	5	22	8	24	22	6	18	5	29	23	5	34	25	8	13	36	2	5	29	12	3	27	10	6	5	35	7	11	19	19	31	17	17	36	22	22	26	13	13	13	27	35	18	27	1	20	29	21	
21	29	22	19	26	8	27	14	8	24	13	24	5	32	9	27	14	30	4	4	17	23	13	25	11	21	24	24	8	13	25	5	22	1	26	37	13	19	16	2	10	20	28	24	2	31	18	21	18	17	
17	1	6	7	4	26	24	14	37	28	30	32	14	8	24	1	2	29	23	7	14	15	11	16	12	25	16	20	5	12	4	29	16	23	30	35	24	22	12	33	15	13	26	8	24	12	28	22	28	23	
27	14	20	15	14	40	28	17	39	24	8	25	29	31	40	27	30	27	15	22	12	43	9	20	28	8	16	13	31	28	20	2	28	21	23	34	20	33	23	16	31	14	15	21	36	28	41	21	18	4	
15	21	1	17	1	13	10	5	10	26	15	1	7	35	10	29	20	7	22	20	18	28	16	10	17	15	23	20	24	13	25	9	12	12	30	24	15	22	11	18	17	21	18	28	14	33	22	15	25	11	
20	19	24	16	9	31	3	15	29	28	9	11	19	42	27	15	15	35	17	27	17	17	24	15	12	22	5	9	21	15	7	19	19	18	13	32	24	1	11	16	15	8	10	21	3	15	7	11	7	21	
19	33	17	23	30	45	9	27	39	36	5	38	7	18	5	22	36	36	20	36	30	27	26	36	35	4	26	14	32	33	27	6	37	41	25	6	14	32	10	26	38	36	26	9	17	29	38	6	38	36	
16	10	22	33	17	3	14	13	25	18	11	22	9	9	25	31	13	35	17	23	16	19	22	20	10	22	25	8	6	15	24	22	29	27	9	14	22	23	2	13	13	22	32	25	3	32	25	6	29	21	
10	26	20	4	27	19	8	11	19	29	21	16	9	5	15	27	16	6	27	17	9	5	7	14	13	29	12	27	19	11	25	16	23	31	3	23	18	19	12	34	16	22	12	21	12	33	4	7	4	7	
28	20	3	36	39	2	14	11	38	31	39	26	4	17	30	24	18	26	10	3	12	10	27	20	15	37	28	39	24	24	16	34	11	23	35	6	9	4	1	24	18	5	40	36	18	24	14	25	31	4	
15	20	14	28	26	37	18	5	13	18	3	31	24	18	17	24	5	28	26	20	26	3	14	26	2	21	5	14	4	24	16	4	8	14	18	20	14	29	24	27	5	35	15	20	18	24	25	12	34	13	
18	27	10	27	26	18	16	15	25	6	29	24	13	21	26	10	17	5	14	13	28	26	28	22	21	22	35	10	23	9	26	11	15	18	11	22	25	14	15	2	24	20	35	26	4	2	29	22	18	3	
20	25	15	38	23	14	23	10	16	23	10	30	15	29	22	26	10	1	15	15	3	19	5	29	7	31	12	38	21	23	18	34	23	20	38	18	6	16	13	36	10	17	40	32	24	9	26	17	3	14	
16	13	26	27	26	2	14	20	25	29	20	6	15	20	32	24	20	16	1	21	24	13	21	20	17	11	18	25	12	17	21	6	5	29	9	33	29	24	2	9	20	19	13	27	5	29	26	20	25	16	
9	25	24	33	27	34	7	10	12	28	20	12	8	9	17	26	7	22	2	16	4	2	13	2	12	12	27	31	18	2	26	1	22	3	2	38	24	21	11	25	15	5	21	20	20	7	9	5	2	17	
22	3	29	29	10	24	5	2	14	6	30	28	19	41	5	9	20	47	21	21	19	3	3	4	17	8	21	30	25	17	9	22	21	18	15	7	29	30	8	19	20	11	31	21	19	11	26	21	35	28	
11	16	10	30	28	33	14	1	23	14	38	41	30	31	13	20	1	32	29	16	22	31	10	22	20	28	22	33	12	20	12	30	24	26	29	24	10	25	20	27	1	35	33	32	16	20	21	8	30	9	
14	27	18	7	21	10	19	15	2	11	30	24	18	31	18	21	16	8	10	13	1	25	8	25	13	9	18	34	20	10	27	10	22	9	14	25	5	19	16	2	16	20	9	15	22	33	14	22	9	17	
26	13	25	7	26	2	29	16	38	29	4	6	2	20	17	6	16	21	25	29	6	34	21	13	13	20	18	15	27	1	6	2	18	31	35	35	14	3	14	17	16	8	27	15	31	14	36	14	6	16	
11	22	16	23	21	26	7	7	26	7	23	13	13	1	19	18	7	36	22	22	20	7	16	28	4	7	4	3	6	18	10	21	4	19	22	4	10	15	4	20	7	22	19	30	17	18	21	11	13	15	
7	8	20	30	29	19	19	3	12	28	6	27	20	13	38	31	6	6	25	12	19	4	1	25	24	21	12	31	30	22	33	27	28	28	14	23	26	21	18	22	11	19	36	7	7	41	24	16	8	15	
15	21	15	33	26	22	13	19	7	3	10	12	13	24	23	20	21	11	18	18	29	30	21	19	18	12	23	29	7	4	19	12	28	4	8	28	27	12	3	11	18	27	32	26	16	16	19	18	24	9	
16	7	15	15	33	29	19	5	28	19	37	30	26	30	15	3	6	37	14	21	5	36	15	27	3	33	7	31	17	3	3	22	7	31	34	29	15	30	3	30	6	39	21	15	20	3	26	13	34	14	
27	29	33	30	29	39	12	23	26	39	22	9	31	45	6	28	21	42	30	5	11	33	24	35	31	23	31	13	11	36	35	9	7	6	28	15	11	42	30	30	10	15	18	18	13	24	38	1	33	19	
23	21	14	10	30	25	21	19	21	33	24	10	14	44	29	14	20	32	2	30	19	28	25	23	17	14	21	5	3	10	9	18	21	37	16	6	7	3	17	27	7	24	19	29	34	4	20	27	24	20	
15	14	5	22	32	29	22	9	31	22	26	12	13	37	14	10	9	16	21	24	12	1	18	30	6	1	6	30	6	10	2	20	4	10	37	25	18	25	10	34	9	1	28	16	24	10	29	16	20	17	
3	19	18	30	29	28	1	7	12	22	14	9	2	39	20	20	9	39	25	10	27	35	18	7	6	23	23	28	12	4	20	9	16	24	31	32	18	15	5	31	9	29	20	14	14	27	14	7	19	17	
4	10	10	15	7	27	18	5	27	12	13	1	28	32	17	5	5	14	16	20	19	20	11	24	2	6	23	20	16	16	16	9	28	24	30	28	14	11	24	12	5	21	22	28	20	2	25	12	16	1	
5	17	25	17	33	18	29	6	28	9	33	40	25	40	25	13	16	35	24	1	15	43	25	29	13	34	17	11	27	13	5	25	17	11	35	34	6	24	13	22	10	23	31	25	22	13	3	8	31	4	
19	8	5	26	20	10	22	9	1	7	31	24	11	20	21	20	9	18	14	17	12	10	8	27	6	18	17	35	19	20	12	20	1	19	29	2	18	33	9	20	9	25	1	27	11	20	3	15	19	14	
8	2	9	5	13	12	16	22	19	35	22	8	3	19	32	9	1	32	29	17	1	25	23	25	20	6	24	17	26	20	12	15	16	35	14	38	14	3	13	30	23	21	29	29	32	20	30	25	17	18	
23	28	9	28	13	13	25	2	34	15	25	11	24	19	30	19	4	31	1	1	29	34	15	23	30	9	23	30	28	28	28	19	9	20	20	30	37	6	3	26	33	7	32	31	9	20	16	31	5	4	
11	27	23	24	27	10	8	17	29	31	21	7	4	40	19	30	19	14	28	11	25	35	22	11	16	12	16	13	30	34	30	15	33	1	26	31	28	29	7	23	3	21	6	24	2	24	30	26	14	12	
10	24	6	40	38	43	24	11	33	24	5	42	35	18	9	19	11	42	39	15	19	41	20	32	8	31	7	3	18	30	22	8	34	36	29	8	7	32	30	29	8	9	36	22	26	1	25	18	21	19	
33	35	24	14	5	9	36	17	31	33	10	15	37	34	4	5	21	30	4	9	7	38	30	3	35	29	37	34	22	6	27	23	25	38	37	38	12	36	30	28	38	25	32	3	14	24	35	13	39	21	
8	21	8	25	11	19	28	15	3	19	37	37	19	42	27	19	12	42	16	19	21	12	17	35	12	20	19	10	21	11	11	33	23	31	26	23	9	6	19	27	15	27	12	10	30	19	14	22	41	23	
13	29	3	12	15	22	11	17	10	24	22	19	12	31	30	10	1	14	23	6	22	31	24	17	16	1	26	6	22	14	30	19	26	6	6	24	10	25	15	34	14	1	30	4	24	35	18	17	21	27	
4	17	23	24	23	32	35	22	7	23	17	3	23	37	10	17	22	36	20	6	10	19	18	21	19	17	23	22	11	21	26	7	4	30	32	34	29	33	26	25	22	23	17	30	36	14	19	4	20	13	
14	18	13	16	28	19	17	4	15	17	26	12	5	24	16	23	4	35	10	18	24	24	13	6	1	26	25	23	2	23	15	20	27	29	32	6	13	26	23	20	4	1	33	18	19	16	18	10	33	2	
28	6	23	24	24	21	18	20	24	32	24	26	24	2	31	23	27	9	30	23	24	4	4	30	26	12	20	16	35	12	19	34	31	17	21	9	15	16	21	20	29	15	22	36	18	4	17	26	22	24	
5	4	24	23	22	16	7	13	18	5	16	2	3	38	1	21	15	10	17	16	20	6	17	13	12	8	17	21	14	10	26	10	22	17	2	27	18	21	11	18	15	18	23	20	4	3	20	13	25	12	
17	3	23	23	28	26	15	13	26	7	28	23	16	38	23	11	14	22	22	22	8	18	19	21	11	19	15	28	25	11	3	23	9	19	10	14	23	29	11	20	14	38	29	23	20	7	28	15	33	3	
M1
11	2	11	12	9	25	13	18	15	20	24	12	9	12	3	12	10	2	3	17	24	14	1	8	8	3	4	30	7	15	11	21	14	14	21	11	31	12	12	23	3	13	18	12	3	16	14	10	1	7	
21	18	32	40	25	33	17	32	25	31	28	20	32	21	21	25	23	25	20	4	26	27	15	36	28	7	25	23	29	12	9	35	23	10	16	19	25	20	38	5	30	2	35	30	31	1	8	1	29	8	
17	23	17	25	14	13	29	24	12	16	30	16	25	26	3	15	16	25	23	12	3	28	24	21	1	14	10	3	28	12	23	25	26	12	18	17	16	18	16	27	6	7	19	16	18	28	19	6	37	8	
7	6	17	19	21	25	28	21	14	20	20	17	24	18	20	5	19	9	22	27	2	12	23	20	16	7	18	35	5	1	22	7	37	26	5	21	27	23	15	12	16	9	21	24	6	15	7	25	27	14	
15	8	10	16	13	8	11	22	15	2	27	7	7	8	12	16	14	7	28	14	18	17	18	3	13	17	8	27	33	18	14	9	23	6	16	15	6	16	7	18	17	19	13	16	11	11	26	16	4	30	
22	8	6	21	3	3	16	24	20	10	8	12	12	13	17	32	21	4	11	32	15	32	9	8	30	18	15	32	38	30	19	29	3	14	21	19	20	2	12	23	20	24	18	5	4	16	33	22	39	15	
9	7	5	17	23	24	18	16	20	2	21	11	15	2	2	19	8	15	22	22	26	24	25	16	20	3	2	22	4	10	2	27	11	17	11	9	14	10	2	10	11	14	8	10	6	5	17	12	11	35	
23	29	27	8	37	11	3	30	14	24	13	7	33	24	24	3	30	11	19	31	11	11	32	29	8	25	24	44	23	11	8	41	12	3	14	30	8	8	24	29	25	9	30	23	28	24	25	34	33	11	
11	20	13	9	22	29	25	21	28	34	19	19	28	26	12	5	5	26	19	20	34	23	31	24	28	16	7	30	23	28	17	15	3	30	19	14	19	15	10	21	16	22	16	6	1	29	23	20	27	28	
6	19	31	16	34	31	25	36	37	32	16	36	13	18	10	25	24	27	14	23	15	23	26	33	6	17	25	30	32	27	35	2	34	23	30	32	32	23	28	16	6	5	34	19	28	15	39	25	13	32	
15	15	8	20	29	30	21	21	5	29	25	3	23	5	10	21	14	23	25	12	5	28	26	19	23	17	8	3	25	22	12	25	10	25	14	12	4	16	5	16	17	10	11	16	9	24	26	15	18	9	
16	15	11	17	29	31	13	15	18	25	11	3	2	11	15	19	10	10	14	23	17	20	21	6	20	22	13	30	22	21	17	21	19	12	16	13	27	21	10	5	22	22	16	17	4	14	22	13	7	12	
21	16	8	8	11	34	15	13	11	17	5	11	11	12	16	15	20	11	28	1	23	22	26	7	10	22	14	20	1	11	18	11	16	13	2	18	30	20	11	4	20	22	17	1	15	12	6	21	28	34	
16	14	9	24	27	7	2	22	9	23	13	15	24	19	11	20	15	1	27	10	20	21	22	20	24	18	9	12	25	2	13	25	16	7	15	16	16	17	6	1	14	12	12	13	10	25	4	16	8	23	
13	24	33	10	28	38	23	2	28	19	12	25	5	14	17	3	5	31	5	2	37	7	33	40	40	7	34	34	33	20	22	8	18	4	22	17	29	18	36	21	33	19	13	12	15	7	16	19	19	39	
15	33	11	2	14	5	37	10	33	20	28	7	32	25	35	25	14	4	3	29	38	39	34	39	29	12	8	14	37	28	20	15	34	24	34	15	12	2	30	6	17	3	26	16	11	39	17	25	35	16	
15	15	30	40	19	31	19	16	35	38	10	36	42	17	32	10	36	36	10	11	37	27	33	38	36	14	30	34	39	33	13	48	28	35	36	37	27	9	27	19	37	32	8	3	31	36	43	31	19	41	
16	1	9	7	25	21	5	22	2	18	16	15	23	16	7	16	2	6	16	11	25	18	19	20	10	9	9	10	7	4	13	20	13	21	15	16	25	15	6	1	18	15	12	9	10	5	15	13	5	7	
22	20	13	9	37	27	29	25	19	17	28	4	26	24	22	7	14	20	24	14	4	25	9	22	18	17	20	20	17	15	24	14	35	19	26	27	13	16	17	13	18	29	15	21	6	13	37	13	37	21	
19	13	12	28	4	30	11	27	10	32	27	6	19	20	24	30	16	19	1	14	31	36	28	15	12	22	13	39	34	31	26	11	41	21	28	20	38	21	19	23	14	1	9	21	23	23	31	20	34	30	
11	11	4	19	25	21	14	9	18	25	21	10	10	11	6	21	10	10	8	21	8	20	9	6	19	13	4	21	13	19	8	26	32	12	10	11	20	12	1	12	2	13	7	12	5	14	22	11	31	11	
21	8	24	25	38	36	18	31	26	23	30	24	14	13	9	34	23	26	14	14	32	37	12	28	38	18	17	29	10	8	31	18	10	10	17	19	23	25	25	17	26	21	31	17	27	2	7	14	30	44	
18	15	9	26	18	11	17	24	4	20	28	7	3	27	1	17	16	25	23	28	31	21	27	22	13	20	11	28	29	25	15	6	9	22	16	2	25	19	8	19	10	20	3	12	12	1	21	18	29	9	
12	7	5	11	21	25	6	18	10	26	22	2	2	3	7	22	11	2	23	22	14	31	24	14	20	14	5	22	28	20	9	19	28	4	11	12	21	13	2	13	14	14	8	13	6	6	23	12	30	37	
4	25	34	26	32	47	11	21	19	25	4	24	32	1	3	14	23	25	26	9	40	30	12	31	19	26	27	35	27	19	32	22	35	37	10	26	36	28	32	16	26	11	20	6	8	20	22	30	24	25	
20	6	11	19	27	22	14	18	11	12	18	10	10	11	15	12	4	10	12	5	22	22	15	6	22	22	13	8	19	9	17	27	22	12	2	18	29	17	10	14	8	6	16	11	14	12	11	5	27	31	
3	21	3	11	17	18	25	10	31	37	16	33	20	23	25	13	2	24	16	17	38	33	23	30	17	5	19	30	29	26	14	38	34	31	22	3	33	4	33	23	5	33	14	4	20	32	14	13	23	29	
18	10	18	13	27	24	5	24	33	9	14	25	25	25	21	3	4	18	18	19	3	4	21	21	32	14	11	7	28	5	21	1	2	3	25	2	35	17	16	27	17	28	16	11	20	27	4	26	27	2	
5	10	8	14	24	19	9	11	6	16	17	5	5	6	10	13	14	5	16	5	5	14	25	1	9	17	8	7	30	23	12	22	8	7	14	1	24	16	5	16	17	17	11	16	9	9	15	15	25	28	
16	16	9	23	12	5	20	9	20	4	22	15	16	5	11	3	8	7	13	23	13	35	17	12	24	18	9	26	32	11	10	13	26	10	15	9	25	8	6	17	13	18	12	15	10	15	27	16	31	12	
5	17	10	19	11	14	23	23	25	29	3	16	25	24	12	17	3	1	17	6	37	3	25	21	25	6	10	24	31	25	14	32	3	27	16	12	15	16	7	18	19	19	13	10	6	26	24	2	25	31	
23	21	18	31	31	3	4	16	8	18	17	7	3	1	25	18	9	18	23	16	24	16	27	18	27	26	25	8	16	12	6	30	10	17	3	19	9	21	22	32	21	24	21	16	18	13	16	12	30	31	
12	12	5	18	26	27	2	18	17	23	22	9	9	4	7	20	9	9	1	11	21	6	18	5	16	14	5	22	11	2	9	26	27	11	11	12	20	13	2	13	14	6	8	13	6	5	16	12	32	7	
34	35	9	2	35	17	13	42	6	34	16	23	20	14	23	28	36	4	4	4	30	3	25	46	33	35	34	28	36	35	34	13	34	27	26	9	38	5	34	19	32	11	22	7	17	23	35	26	23	29	
15	10	23	38	40	30	18	8	1	7	11	16	32	30	25	31	17	11	18	14	23	12	16	28	16	32	23	22	9	1	27	19	24	23	17	8	24	10	20	22	10	22	26	24	23	2	41	12	19	39	
22	17	14	21	31	7	16	28	20	5	29	10	12	13	17	17	21	12	20	21	24	8	17	8	7	24	15	1	9	1	19	23	24	14	21	22	11	17	12	17	12	17	18	12	16	16	9	17	5	20	
18	13	11	17	10	25	12	18	16	20	25	8	8	8	4	13	17	8	25	17	20	14	15	4	16	13	11	28	24	15	15	11	22	10	17	18	27	19	8	4	20	18	14	19	12	12	20	13	1	22	
3	12	9	16	2	12	4	22	3	25	13	7	7	3	11	8	15	7	13	14	5	32	1	3	24	18	9	26	25	18	13	24	20	9	15	16	19	17	6	17	18	6	12	17	10	11	27	16	23	25	
9	9	2	17	23	24	15	15	17	23	19	8	17	18	4	19	8	17	20	19	29	28	29	13	17	11	2	19	25	17	6	24	30	19	8	9	18	10	13	10	11	11	5	10	3	18	20	9	29	35	
8	10	14	27	30	27	11	36	3	25	30	29	20	17	30	18	25	23	30	22	18	19	20	33	33	30	22	3	27	20	5	22	26	2	38	26	11	19	31	28	26	23	11	30	18	23	24	18	6	26	
18	13	7	17	27	21	6	21	14	13	18	8	6	9	13	18	4	8	13	9	20	16	29	4	16	20	11	14	17	9	1	6	34	5	5	18	17	17	8	7	20	20	14	11	12	12	29	18	27	33	
14	16	28	42	22	48	17	29	18	9	8	4	11	36	25	1	36	19	36	19	41	42	34	31	1	36	30	40	39	35	34	18	38	13	26	37	7	12	27	38	24	29	33	38	31	36	34	12	34	30	
29	9	7	39	33	4	20	30	28	31	24	34	34	22	15	18	10	28	24	25	12	3	18	30	43	20	28	31	32	28	23	34	26	19	19	7	19	23	25	33	26	35	9	17	25	4	19	2	18	31	
8	23	8	9	22	23	17	8	4	24	5	16	20	4	24	18	7	20	21	19	6	22	27	16	22	10	1	23	26	18	19	36	15	11	9	8	31	9	19	28	10	1	19	9	21	7	19	18	13	29	
34	26	33	40	1	23	14	39	32	35	17	38	18	2	9	31	40	36	3	13	18	7	7	36	22	30	34	15	36	2	35	9	38	26	40	34	28	2	31	32	32	36	13	32	35	34	8	28	19	38	
20	12	23	33	34	21	3	18	11	17	21	22	24	17	24	25	11	11	9	24	17	22	21	22	26	25	24	14	15	11	24	29	9	8	2	5	11	20	24	17	20	28	22	18	17	11	38	22	15	37	
24	4	17	27	6	13	28	20	8	30	31	4	7	28	19	20	23	5	5	20	25	13	11	23	17	1	17	34	2	16	21	3	34	29	23	24	4	25	14	6	26	26	9	25	2	12	8	20	31	15	
20	20	13	28	18	4	17	24	28	34	30	18	28	11	10	28	19	23	27	28	7	13	16	24	28	22	13	29	22	27	12	20	33	10	19	20	27	21	10	21	12	21	16	4	2	29	31	10	16	9	
19	18	19	11	33	14	2	26	14	9	14	13	20	1	22	2	18	7	15	6	33	3	4	17	23	21	12	40	24	4	21	30	11	6	29	19	26	13	20	28	10	7	11	20	24	25	30	2	19	16	
8	17	22	24	13	27	30	2	36	20	39	28	28	29	24	39	28	14	26	27	6	37	27	24	35	30	22	23	5	7	9	35	32	30	28	26	38	30	19	30	13	21	25	26	15	14	19	9	28	9	
M2
43	38	11	3	2	34	25	39	8	25	2	11	13	22	15	12	39	37	21	19	32	24	7	20	26	21	7	15	36	22	4	22	7	27	35	20	25	33	28	31	22	40	36	9	25	25	32	24	23	8	
2	21	2	11	10	38	12	14	13	22	10	19	21	30	23	20	32	34	19	27	27	19	10	1	15	15	15	23	12	30	9	2	15	10	42	28	14	26	20	27	27	16	18	17	18	12	10	32	2	16	
32	11	27	17	11	29	31	20	7	14	28	35	18	9	4	17	25	15	30	15	11	23	19	5	11	25	27	21	28	22	14	11	25	38	30	27	14	14	36	20	12	9	10	11	33	11	33	11	12	39	
24	14	23	18	32	46	6	29	38	26	8	16	17	15	16	33	4	26	8	38	7	4	2	4	26	21	25	22	9	15	22	20	22	13	45	36	21	37	18	32	28	19	20	5	16	22	33	24	24	34	
29	28	13	5	33	14	23	40	3	11	4	32	15	10	1	18	19	17	27	22	12	20	16	2	12	21	39	3	25	28	11	8	26	34	18	22	31	25	8	17	31	20	24	8	5	18	30	10	9	36	
7	33	2	16	4	36	20	32	5	3	6	18	26	5	23	22	23	1	22	10	13	37	5	24	34	29	8	3	6	18	17	1	13	4	39	13	30	30	25	18	35	17	24	22	27	10	27	30	27	21	
40	12	15	9	13	7	26	38	27	22	34	22	27	19	32	41	21	43	16	18	40	15	24	33	4	32	13	7	13	32	41	25	19	10	41	19	11	22	2	7	6	32	1	29	33	31	9	5	30	23	
2	28	19	11	10	20	17	36	16	16	10	19	7	11	15	11	18	40	29	13	14	18	15	28	30	9	15	21	3	29	12	12	15	35	11	17	33	33	36	30	30	9	1	4	28	33	36	24	22	16	
33	11	15	27	20	11	38	31	27	21	28	36	18	15	16	19	42	38	25	24	40	5	31	4	30	20	8	7	21	8	26	23	35	1	5	29	35	40	36	16	5	13	28	45	24	34	44	25	24	17	
4	29	21	13	12	21	3	22	18	8	10	19	17	23	25	14	36	21	14	1	15	34	17	30	27	12	17	2	26	3	14	32	17	37	22	30	24	33	8	35	32	37	23	15	12	27	18	34	10	18	
43	35	14	7	10	8	15	23	31	30	32	2	3	27	29	28	25	25	36	9	32	9	12	30	28	5	35	28	27	36	28	1	1	14	8	4	21	26	35	43	11	36	10	36	26	25	1	38	24	23	
32	19	18	10	40	15	36	44	26	43	40	25	43	30	42	36	25	44	28	18	44	47	26	39	24	12	7	11	7	23	12	47	3	33	2	26	34	4	12	43	1	12	23	12	5	29	39	14	37	45	
35	18	38	35	40	6	14	15	34	19	12	24	9	5	34	22	24	40	35	2	20	9	37	5	38	36	16	35	5	3	35	40	19	7	43	21	20	38	5	27	47	30	17	37	29	4	7	7	23	37	
25	6	24	34	13	39	35	31	21	19	33	13	30	22	32	18	34	26	17	31	23	18	28	29	22	10	38	1	36	6	35	37	25	11	38	20	6	29	2	29	22	43	22	34	4	7	37	25	20	4	
23	22	18	8	31	40	22	35	17	5	24	26	9	4	41	12	26	31	33	20	26	14	10	31	20	16	33	21	19	22	5	2	32	37	41	18	35	19	27	11	25	23	22	33	24	20	24	4	3	30	
26	16	21	18	33	10	7	36	20	8	24	16	23	13	9	26	11	18	22	23	17	28	24	14	16	1	22	24	17	22	19	6	39	31	9	23	13	25	15	7	15	26	23	37	23	23	19	18	6	28	
25	1	40	30	33	35	32	16	29	27	16	42	27	26	17	34	38	13	2	37	25	33	20	5	13	12	12	9	27	2	12	19	26	27	32	30	37	36	43	33	25	6	30	32	3	34	38	19	25	21	
41	27	45	27	37	9	34	48	4	34	39	45	5	12	36	25	29	4	15	29	35	16	9	38	20	20	23	13	34	16	46	29	10	21	3	42	41	10	26	36	2	5	34	23	12	19	38	14	38	2	
31	9	20	40	30	15	35	23	2	25	26	1	37	20	27	36	1	23	12	29	27	10	6	15	22	18	9	19	21	12	14	21	9	28	42	40	32	18	10	15	3	16	11	42	13	22	21	29	5	31	
25	29	25	1	20	14	27	8	23	42	15	42	4	7	33	18	19	39	1	30	16	17	38	1	39	35	28	33	25	18	30	27	6	3	12	42	32	42	39	30	30	34	4	22	10	3	2	34	24	21	
26	21	9	21	30	23	7	44	16	20	34	25	39	22	30	33	24	18	23	35	33	18	8	38	19	15	35	7	5	24	25	31	31	15	38	25	33	15	29	27	1	22	26	35	3	19	23	31	2	10	
29	19	25	17	31	22	29	34	26	12	15	29	18	1	4	2	9	24	16	27	35	4	1	21	1	21	28	12	19	3	14	1	34	19	27	16	28	28	7	13	31	14	31	24	21	29	33	13	12	13	
22	15	5	31	27	40	35	2	30	22	30	6	10	23	25	25	5	27	16	21	34	25	34	9	10	26	26	23	23	16	21	32	24	24	11	21	21	39	44	23	24	20	6	18	17	11	25	33	20	14	
35	36	3	17	4	36	24	39	25	17	23	37	18	32	23	15	32	23	20	29	29	29	24	12	2	11	36	25	39	8	33	30	23	5	7	20	37	9	2	38	1	26	10	30	11	21	16	14	31	15	
14	11	31	17	22	8	1	5	28	12	22	24	26	26	27	32	1	19	12	3	5	13	19	15	23	2	1	19	4	12	22	16	27	22	31	30	38	13	31	19	29	16	24	27	13	31	29	29	22	28	
15	13	21	24	23	47	13	24	20	26	5	13	34	34	29	33	3	15	14	37	19	24	9	15	23	19	7	13	22	14	11	31	28	10	44	39	13	1	8	31	27	18	30	30	15	23	4	31	6	17	
14	29	31	21	16	18	2	16	28	18	22	29	6	12	8	12	19	6	30	24	39	15	17	5	3	29	27	29	17	30	18	15	4	23	22	31	40	32	40	24	24	34	23	23	31	18	6	17	16	28	
39	40	28	34	11	43	27	36	1	21	20	44	13	2	30	38	38	41	20	36	14	17	8	31	24	33	22	32	37	29	20	36	36	19	32	17	9	30	22	42	17	25	2	24	21	26	18	26	21	15	
31	12	16	26	39	13	13	11	21	37	9	8	30	15	27	30	2	5	13	10	1	9	10	10	3	8	17	20	21	10	23	30	5	27	40	41	42	32	17	43	32	17	19	21	14	30	10	30	24	32	
27	27	26	30	7	39	10	30	3	14	7	9	30	10	26	17	17	34	22	1	13	14	40	9	19	25	38	28	22	28	36	18	1	28	14	11	28	6	14	30	29	18	38	31	12	23	32	32	21	26	
21	36	28	30	29	37	11	16	21	3	27	12	34	9	34	9	26	10	16	7	3	34	34	6	21	21	12	19	28	7	11	19	24	15	37	46	33	28	25	38	17	24	35	7	4	20	31	13	27	3	
34	20	16	29	14	24	37	27	9	30	15	22	39	9	30	38	18	40	29	39	27	37	45	14	3	36	31	22	40	29	36	37	12	17	42	45	24	16	2	16	28	15	31	11	8	37	19	16	38	20	
29	32	5	9	19	29	28	20	8	11	19	25	11	31	24	18	22	16	31	26	10	9	37	15	16	8	19	10	8	7	2	30	5	10	30	46	3	27	10	28	22	37	14	24	18	17	1	33	32	25	
30	5	35	15	38	47	8	31	22	12	11	18	7	32	32	31	6	28	10	16	8	31	14	17	27	27	21	11	17	10	27	5	31	29	40	40	38	35	34	3	21	21	32	8	18	27	18	31	33	10	
5	5	16	14	13	40	11	24	15	16	13	22	16	15	6	23	26	36	14	5	21	17	16	31	16	14	18	26	1	18	13	13	2	36	29	5	22	25	17	22	21	1	23	8	31	8	19	15	1	19	
23	15	20	19	9	19	27	3	30	10	30	40	28	24	15	10	5	15	16	25	35	28	30	14	16	21	24	23	24	16	25	15	9	22	32	38	1	6	32	23	21	16	17	16	17	20	8	24	23	3	
34	8	2	8	24	32	6	26	22	28	14	7	3	40	31	8	27	19	38	2	29	4	30	33	25	1	31	37	24	4	18	36	40	24	33	19	18	14	17	19	29	12	32	27	23	25	28	28	8	33	
38	3	12	2	1	31	8	36	21	20	23	4	9	22	20	19	38	8	33	18	28	27	28	4	31	29	9	1	8	26	30	16	40	4	7	25	8	29	27	6	13	30	8	27	24	25	38	24	28	20	
12	38	14	21	20	46	43	10	24	35	15	22	6	2	33	30	28	30	29	37	36	42	25	17	11	37	25	21	13	23	6	40	25	19	2	22	39	22	16	14	32	2	29	27	24	22	9	36	37	26	
31	11	13	28	39	24	15	11	31	44	6	48	11	32	39	32	19	41	30	14	40	35	38	9	2	37	36	11	30	9	7	22	19	34	17	46	39	47	34	41	40	16	18	33	31	41	26	45	40	24	
36	5	25	21	35	15	33	35	24	30	13	13	42	24	41	35	35	30	25	32	31	43	22	7	27	10	26	46	14	25	33	16	6	27	18	16	9	26	10	35	24	22	7	42	11	27	31	33	10	12	
21	15	21	30	12	36	20	12	27	3	16	19	6	31	22	14	5	15	16	1	8	23	19	12	15	26	26	19	21	16	26	24	34	16	17	26	36	24	25	21	32	3	31	32	3	30	26	31	13	14	
17	43	3	26	19	49	38	16	2	36	25	5	28	35	26	7	33	12	19	33	22	21	30	39	22	24	10	38	8	11	27	7	27	24	22	27	12	20	27	42	3	43	35	32	1	22	37	27	34	6	
33	11	8	41	21	15	3	39	6	15	7	37	46	40	36	37	40	33	33	5	35	37	42	41	31	14	35	23	24	10	35	15	32	39	45	23	2	20	6	34	17	47	11	10	28	10	41	41	39	20	
35	35	13	23	36	4	21	39	19	20	36	14	24	19	10	27	25	42	27	1	41	29	18	21	10	10	35	10	28	7	20	8	43	43	12	22	38	19	40	26	40	38	27	46	37	15	5	16	18	32	
30	2	25	3	37	4	29	22	22	12	31	29	16	11	2	19	30	8	37	3	16	21	17	31	27	4	20	20	26	29	12	9	21	20	29	25	1	16	34	18	32	30	7	19	15	16	31	11	10	32	
24	13	24	33	13	27	39	29	6	22	3	8	1	10	32	42	6	13	17	29	15	10	35	20	28	27	27	24	24	17	3	34	20	8	41	40	38	17	31	19	12	21	9	1	18	12	16	34	25	22	
16	12	24	3	19	26	33	36	21	20	15	11	3	29	37	34	43	41	9	33	41	19	29	1	26	22	7	17	25	25	26	26	21	36	41	37	36	10	25	29	34	15	13	18	31	26	30	31	9	18	
15	8	4	24	23	38	19	34	3	9	23	12	34	35	27	21	28	40	29	24	21	22	24	33	6	2	28	25	5	26	12	34	28	24	44	29	32	13	25	14	14	19	13	30	19	6	10	36	31	16	
31	32	35	22	39	41	33	45	33	26	29	37	30	31	35	15	25	30	5	19	34	47	29	30	10	10	40	42	46	6	41	25	13	11	31	37	37	17	33	33	10	36	33	22	37	9	28	13	39	22	
M3
17	16	24	4	36	23	15	12	30	14	13	41	5	8	33	28	24	25	21	20	15	25	19	3	30	37	20	25	13	2	9	1	31	23	19	4	17	11	20	29	37	13	13	29	14	20	2	29	28	19	
23	28	10	16	19	21	35	14	24	4	26	13	13	11	15	24	37	18	14	2	13	27	41	14	22	25	18	26	11	9	6	3	22	19	14	29	6	13	13	31	34	14	10	30	16	23	29	16	17	16	
7	28	7	21	39	11	9	4	25	27	17	14	22	8	31	27	23	16	25	32	25	1	31	28	1	26	14	8	18	22	10	19	26	9	17	10	23	17	11	30	26	25	20	34	26	17	14	42	37	10	
2	32	32	20	2	8	38	13	11	34	9	12	24	33	29	18	38	10	23	19	27	32	10	27	23	24	25	31	10	21	9	28	14	16	15	10	21	29	12	40	7	24	2	24	22	19	18	9	34	14	
17	21	21	23	17	19	26	30	16	28	9	5	15	22	18	14	20	17	16	33	11	13	5	19	33	17	13	7	19	13	9	20	17	14	4	5	26	10	20	33	7	20	26	14	8	11	20	2	17	18	
20	17	24	1	6	24	17	8	26	30	24	15	27	22	28	33	17	3	26	14	32	38	20	4	20	20	24	11	22	28	20	22	3	13	37	41	11	24	16	8	38	10	24	38	11	15	3	48	1	6	
11	31	5	28	21	3	35	41	5	31	25	11	23	29	40	27	1	18	22	19	42	31	34	16	8	23	30	23	24	21	29	34	23	12	26	40	3	2	10	33	31	6	26	32	2	35	17	1	34	12	
14	3	18	20	16	16	14	19	14	7	22	7	18	9	15	11	7	19	18	11	19	15	14	16	30	9	9	15	3	5	2	8	19	21	1	25	24	18	22	35	8	17	20	14	19	10	17	35	26	15	
25	25	31	7	21	32	38	32	21	16	24	10	22	37	10	20	5	13	21	27	35	22	28	8	13	22	6	24	3	23	28	30	8	35	32	44	28	27	3	7	23	1	10	32	22	29	11	38	33	4	
22	11	7	27	35	26	34	17	33	7	11	37	12	4	28	20	24	5	29	18	20	19	9	26	25	5	34	29	21	33	22	6	40	4	31	36	22	16	25	34	39	16	1	14	17	23	5	29	33	22	
16	29	4	17	39	33	28	15	12	8	8	1	13	27	23	33	34	13	12	23	18	9	1	22	12	13	32	20	4	14	24	4	13	20	23	34	9	14	15	29	30	1	6	23	13	25	32	5	8	28	
5	29	11	31	43	27	33	32	1	36	37	34	2	30	26	22	35	2	1	24	21	13	34	27	22	2	22	9	36	3	14	21	2	41	12	34	37	7	5	18	33	7	21	29	2	18	28	26	13	26	
26	28	24	1	32	14	9	33	22	35	1	11	6	3	37	40	41	10	22	26	14	34	31	18	19	23	40	20	16	11	31	25	23	35	30	31	13	28	18	11	34	12	13	35	21	25	14	32	15	18	
18	22	2	24	14	20	43	28	21	11	27	27	27	23	14	15	25	26	16	31	31	22	22	20	13	34	15	20	30	7	38	17	14	20	5	29	14	21	11	18	38	11	20	11	8	14	21	39	27	4	
24	19	7	18	9	26	27	28	23	22	46	12	24	15	13	35	14	3	16	4	31	35	22	30	24	24	26	16	24	25	22	24	24	16	34	33	9	22	16	37	3	13	6	28	17	21	5	34	18	20	
15	16	19	19	42	17	12	34	1	26	29	24	16	20	16	12	1	4	35	28	4	19	5	17	12	35	12	38	13	5	6	23	25	6	2	7	26	19	33	23	31	18	24	19	6	11	18	30	36	16	
3	23	19	25	26	21	16	13	16	30	16	28	16	24	20	16	26	14	22	20	2	23	35	21	5	25	16	12	22	30	13	11	25	18	6	28	6	21	21	34	30	8	23	23	34	15	22	40	13	20	
17	21	21	23	16	19	24	24	9	14	33	26	18	22	17	14	27	38	33	22	27	21	10	19	10	8	12	19	9	33	26	13	33	13	4	1	24	21	18	14	26	20	25	11	7	13	20	29	37	18	
16	20	20	19	32	18	5	13	25	27	22	25	22	21	5	2	19	5	12	30	26	20	6	5	20	36	13	20	14	12	2	12	36	13	3	7	24	20	31	30	17	19	21	20	31	12	19	14	29	17	
29	39	28	3	23	30	28	22	34	13	46	23	35	11	39	35	24	35	1	16	22	28	28	31	9	28	11	27	16	18	23	27	30	15	28	42	7	31	1	22	34	2	6	20	22	13	30	29	4	5	
17	10	21	23	36	19	36	18	19	27	8	26	17	12	14	1	6	6	27	15	21	21	35	19	4	12	14	29	21	34	37	7	9	31	4	1	9	17	5	33	23	20	19	21	21	13	20	38	27	18	
25	6	38	28	19	41	5	6	11	8	29	32	43	37	20	37	17	15	9	23	16	14	37	17	43	41	3	40	39	36	7	33	14	24	32	49	37	43	24	10	16	31	32	18	7	38	20	37	13	37	
32	28	21	7	27	35	47	14	24	45	35	27	7	13	24	33	38	26	18	21	17	27	31	9	39	35	31	18	18	37	18	3	19	22	23	25	6	12	20	31	25	34	15	10	34	32	29	24	16	37	
26	18	21	28	32	30	8	19	27	8	47	46	11	16	9	13	22	13	30	19	27	32	45	25	26	27	30	35	15	42	34	28	4	33	27	9	31	27	7	1	38	7	2	23	16	3	39	30	20	16	
33	25	41	5	23	6	18	32	31	15	48	29	37	20	21	11	7	30	30	18	34	13	18	12	3	23	10	34	2	41	19	30	12	32	42	33	36	9	30	14	10	11	11	33	17	35	39	39	25	1	
16	25	27	32	18	18	13	5	21	29	33	43	20	40	35	18	22	36	6	18	42	18	31	41	26	48	11	45	11	36	34	28	26	18	26	14	34	20	30	27	24	10	23	32	25	20	17	38	8	34	
25	15	3	28	8	20	24	13	7	36	37	24	12	19	6	17	18	17	26	14	16	26	44	27	11	36	22	26	17	3	25	2	36	32	12	29	6	12	21	30	34	27	14	7	33	21	28	42	29	26	
9	43	27	23	15	5	36	1	3	38	15	19	1	5	40	4	21	26	30	25	17	30	17	30	9	29	6	26	26	15	42	35	7	7	32	12	6	10	34	36	28	35	8	30	12	14	29	12	33	25	
16	20	16	22	8	18	8	35	15	10	22	4	3	21	17	13	10	16	15	31	3	7	13	18	16	16	13	23	7	17	28	29	10	20	3	3	8	20	18	22	14	19	25	20	14	12	19	9	26	12	
10	39	23	19	11	27	4	2	31	34	2	20	22	26	29	33	3	32	7	22	30	34	40	20	14	14	14	26	28	33	2	36	27	4	35	15	21	7	34	1	23	35	5	27	2	14	37	33	37	11	
29	37	26	18	17	13	14	26	42	29	49	32	42	8	23	33	29	26	17	5	24	35	40	25	7	18	27	28	4	34	1	42	8	31	28	16	8	25	17	36	32	18	5	27	34	29	23	32	20	21	
27	16	28	27	26	23	44	2	38	39	36	47	1	17	36	34	39	27	27	15	5	15	38	31	27	28	19	15	6	37	24	28	42	36	29	21	7	1	10	19	35	23	3	20	22	27	21	31	30	31	
39	33	44	32	41	36	27	24	19	16	46	30	1	34	25	11	24	28	9	26	27	3	23	26	15	15	30	33	28	17	34	13	9	6	27	9	25	23	32	37	40	35	22	31	15	36	24	35	33	7	
8	21	22	24	13	20	39	26	23	21	10	12	21	23	19	15	16	16	23	34	6	22	20	5	9	11	7	20	26	5	19	15	24	7	5	29	19	22	27	2	19	21	27	4	24	14	21	39	35	19	
5	9	9	11	46	7	33	36	16	16	42	14	26	10	6	2	15	26	25	21	25	9	25	7	36	25	2	33	27	27	25	27	26	32	5	16	25	9	23	35	30	8	14	9	20	1	8	26	36	6	
23	15	16	20	5	32	31	8	5	14	31	8	16	15	38	34	35	20	19	18	3	22	38	27	13	20	30	23	13	3	32	13	3	7	24	41	3	10	15	33	31	22	25	5	15	33	26	30	31	29	
18	18	2	18	31	10	33	29	23	39	49	44	28	33	40	42	13	28	8	18	26	40	21	5	34	42	8	1	2	20	21	18	16	28	39	43	21	28	30	11	9	15	30	37	16	22	4	18	33	21	
26	21	6	7	37	6	7	13	21	11	24	46	12	28	40	16	7	19	24	25	16	2	7	19	20	36	27	26	17	27	24	2	40	31	40	16	16	12	21	17	31	18	14	31	2	25	7	31	17	16	
3	28	12	4	30	2	7	14	4	3	9	17	8	29	21	14	22	2	26	21	17	19	15	16	28	29	30	26	18	30	1	3	21	4	20	14	19	13	22	2	36	4	4	26	13	28	15	5	36	32	
21	28	4	15	35	2	31	30	21	13	19	10	22	2	19	33	15	22	13	1	19	7	15	32	21	16	19	29	28	23	26	31	4	9	24	45	9	20	13	34	37	14	18	32	22	25	32	21	16	17	
41	33	33	6	26	21	39	16	40	10	45	44	28	39	25	36	19	34	22	41	28	40	11	13	16	34	13	13	7	49	21	29	19	30	39	18	12	3	31	27	40	1	34	34	31	10	35	4	3	17	
15	25	21	24	33	15	1	10	8	17	26	2	12	28	34	1	26	13	10	10	9	25	28	24	30	14	26	18	17	8	26	2	14	25	24	32	17	12	10	20	10	13	14	11	14	12	11	2	25	12	
9	26	24	14	36	30	41	7	47	26	39	36	39	24	41	27	31	45	13	2	10	23	41	22	9	10	24	18	12	31	35	35	36	28	27	29	14	33	14	29	34	15	19	7	33	9	36	13	17	18	
23	18	13	23	39	14	1	30	40	33	1	29	11	3	17	14	21	28	21	9	33	20	21	11	21	41	16	41	17	4	1	23	1	17	30	40	21	9	21	6	36	15	26	20	16	22	4	3	6	21	
26	21	39	22	40	7	10	23	9	18	7	20	22	37	38	17	24	19	17	25	26	19	24	15	2	24	27	2	19	30	24	12	10	31	38	38	24	8	31	10	24	18	24	30	13	25	7	23	36	18	
1	22	42	3	24	29	37	20	38	23	39	31	7	18	13	7	15	6	35	26	23	33	25	29	31	7	37	29	24	28	25	9	1	17	35	30	21	19	26	37	20	19	18	36	20	26	8	18	41	22	
9	4	28	12	34	11	19	19	39	25	46	31	19	30	39	29	30	14	20	8	19	33	7	15	20	31	30	27	9	23	7	9	35	14	25	37	7	19	20	37	25	1	21	25	2	8	6	44	23	7	
25	20	26	16	26	25	35	13	11	10	29	29	12	28	5	10	28	8	9	24	16	26	23	29	30	6	26	25	14	37	4	2	40	10	39	32	5	12	4	15	29	17	14	31	18	22	6	24	39	18	
5	33	1	23	34	22	12	19	16	29	43	24	10	30	12	19	43	36	18	25	15	21	49	9	39	28	32	36	26	32	9	12	9	7	22	31	28	22	22	9	37	38	22	28	30	27	32	10	14	36	
31	6	7	20	24	33	6	32	42	9	7	38	25	28	32	26	20	26	18	6	12	21	3	27	26	17	6	24	26	29	13	21	6	32	18	23	5	9	18	28	8	19	23	4	32	27	28	42	18	22	
M4
27	21	32	3	27	16	30	13	23	5	41	22	6	34	34	29	37	32	26	21	17	11	13	19	3	19	27	8	11	30	28	11	5	13	23	22	23	39	18	35	24	1	13	31	5	40	4	13	8	16	
19	20	21	38	34	24	40	17	12	29	32	13	27	31	43	12	26	24	7	16	9	5	40	26	27	7	19	3	32	6	15	39	19	1	27	13	45	39	6	19	1	33	37	17	20	28	34	9	2	6	
30	4	30	29	27	22	5	40	33	12	24	26	37	11	14	7	17	29	35	27	20	30	9	33	43	32	11	24	31	25	15	11	39	8	11	16	8	13	28	27	27	34	28	26	45	35	45	33	4	3	
17	29	28	32	37	5	25	40	16	20	8	3	17	11	18	32	25	23	28	1	22	15	10	24	29	34	32	21	34	29	2	6	21	23	19	27	27	9	23	40	32	33	9	20	10	2	31	4	2	10	
25	19	39	42	7	4	5	15	41	33	9	17	24	40	26	16	30	32	11	5	22	16	36	21	22	10	32	27	16	10	16	20	23	25	33	17	41	15	23	4	23	10	40	6	24	32	7	18	7	19	
9	30	36	13	4	17	31	6	25	30	15	15	37	39	8	26	1	27	32	22	27	14	23	17	30	25	19	22	34	16	30	12	26	8	16	6	13	3	28	21	1	14	32	18	15	16	22	17	21	16	
7	24	42	28	34	27	17	42	31	22	3	26	35	46	36	4	16	25	38	43	32	29	23	17	31	5	2	37	20	19	19	31	6	2	30	30	41	7	13	5	26	30	22	3	34	15	18	24	6	22	
9	26	30	10	34	26	28	6	29	1	35	7	22	18	4	33	26	16	29	20	20	5	3	22	23	33	30	33	31	13	1	34	36	6	4	9	15	17	2	36	33	9	23	24	8	21	13	5	5	10	
22	13	31	28	20	17	33	43	11	10	27	17	15	28	35	7	16	28	32	5	17	6	33	27	7	38	27	32	33	3	23	31	17	17	6	5	11	29	26	19	22	5	8	30	13	22	31	32	15	1	
15	43	36	21	10	6	28	30	30	10	23	30	20	13	17	16	9	36	30	13	21	16	17	9	23	36	7	33	7	4	24	9	27	32	27	23	30	22	22	29	19	26	3	26	9	13	13	25	29	4	
13	41	34	10	36	4	27	18	13	30	41	15	28	36	34	14	1	22	32	14	3	14	1	9	2	32	13	6	26	16	11	29	15	19	25	15	18	14	19	21	11	10	34	18	21	14	29	17	21	20	
12	10	30	30	19	21	20	42	28	12	27	7	11	16	37	7	27	16	2	2	2	29	15	19	5	8	7	27	25	17	4	1	14	16	5	8	22	32	9	14	23	2	10	11	15	9	9	9	22	19	
25	19	26	27	36	10	21	4	24	7	3	17	13	15	16	23	15	12	31	20	23	28	31	25	27	24	20	4	33	2	22	2	25	10	29	5	23	28	20	25	12	30	28	23	11	21	30	14	26	26	
19	23	8	6	33	12	33	28	31	31	30	11	29	31	4	7	9	5	5	20	9	22	10	25	25	11	13	29	25	22	20	35	17	19	9	9	13	22	17	7	19	26	18	26	16	29	34	12	19	26	
23	28	14	24	7	26	35	39	33	43	46	14	45	10	12	40	12	16	39	36	25	25	26	28	3	36	27	15	13	27	27	19	2	40	31	25	40	3	13	32	22	28	30	15	36	9	2	27	32	31	
19	10	32	18	13	3	2	11	34	10	27	9	36	22	5	9	36	6	4	10	9	31	33	26	4	9	9	27	32	16	20	25	16	18	32	10	42	35	16	15	31	33	16	6	17	34	35	11	10	1	
29	31	26	3	36	25	36	18	39	29	31	12	29	29	30	19	26	19	22	39	33	4	26	7	20	24	9	35	33	6	24	31	16	36	15	5	24	4	26	11	1	8	31	8	33	37	19	7	11	10	
34	15	21	37	3	1	27	43	26	13	45	27	7	19	43	36	27	26	36	31	27	9	48	35	32	2	12	36	38	11	31	22	22	3	16	23	35	33	26	43	37	21	33	21	35	30	5	8	15	30	
17	14	24	27	33	15	33	36	26	24	21	2	30	25	40	1	32	17	4	18	7	23	29	19	16	2	17	31	30	13	18	28	8	10	24	2	34	29	8	8	26	32	26	28	9	37	27	3	23	24	
28	2	8	25	22	2	7	16	35	20	33	26	23	34	27	25	13	36	20	10	31	12	23	20	13	23	18	14	10	5	14	16	28	27	18	7	23	14	20	26	10	30	29	30	33	47	33	23	6	7	
1	29	23	26	34	18	28	36	36	28	48	3	29	34	26	23	26	30	36	2	19	34	35	8	15	29	1	28	14	6	2	34	24	7	25	40	32	39	9	35	36	24	35	25	28	34	27	12	24	8	
14	11	18	15	33	8	28	42	27	21	10	30	26	35	29	32	32	23	27	20	18	14	23	20	39	16	1	6	31	12	29	15	8	34	24	10	31	6	11	17	10	25	23	14	6	39	6	18	24	10	
31	37	20	36	34	4	14	21	31	21	11	37	37	36	18	21	24	31	33	23	36	33	19	32	25	5	17	8	42	29	25	7	43	15	4	15	28	15	25	3	34	2	11	29	31	8	41	14	9	37	
32	29	33	22	15	32	23	13	37	15	29	5	30	7	17	5	10	29	13	35	24	7	5	3	7	19	20	10	45	9	1	36	18	27	3	19	1	23	25	25	20	27	4	27	26	7	37	15	13	13	
29	20	37	28	26	34	26	37	31	24	16	1	13	36	11	31	26	11	26	30	19	15	7	21	6	30	29	2	8	6	26	36	29	29	10	12	22	4	23	2	34	35	10	35	10	43	34	33	2	23	
29	6	36	13	11	13	25	28	36	36	9	14	18	19	40	4	1	4	8	18	19	1	36	17	28	8	6	18	36	16	11	40	8	12	25	14	29	14	20	7	11	9	15	6	21	33	11	15	11	20	
28	35	37	3	42	28	24	14	14	16	22	3	10	40	17	38	25	38	38	23	18	38	38	10	40	31	28	43	39	27	29	41	2	15	15	29	34	26	36	45	35	42	25	18	40	29	22	39	8	31	
11	27	21	36	9	27	2	17	24	32	18	13	33	28	36	12	36	1	9	1	1	6	26	15	22	15	11	13	24	16	3	34	21	17	35	15	9	37	11	21	21	8	34	3	22	4	20	16	14	18	
41	36	34	33	8	31	29	13	37	29	31	34	25	19	28	10	34	14	30	4	31	2	2	40	30	36	32	15	12	32	34	10	42	15	1	24	8	3	3	33	2	26	35	33	37	36	18	20	23	39	
5	32	27	14	43	15	38	29	15	5	26	23	33	37	34	20	2	26	33	37	34	15	37	18	30	26	8	11	31	17	2	19	5	18	15	16	21	15	10	22	12	19	29	19	22	40	10	18	22	21	
23	31	27	18	10	1	11	15	43	34	38	19	9	18	40	7	6	30	13	31	23	13	19	5	32	7	24	38	9	21	12	39	15	27	30	19	29	19	25	25	16	19	32	23	26	25	15	20	15	25	
22	18	20	21	44	6	2	32	10	7	21	19	25	36	32	32	9	33	27	1	12	16	29	23	29	20	18	24	29	23	7	23	34	18	33	22	4	18	1	29	19	11	35	7	29	32	37	14	7	19	
5	35	1	19	20	5	4	37	42	29	27	34	33	26	32	2	23	24	28	35	39	10	15	21	30	33	24	16	29	30	10	27	15	37	1	1	28	22	30	38	11	24	32	27	32	10	31	35	8	34	
24	6	43	25	35	9	23	34	13	24	28	8	39	36	45	30	13	7	25	32	36	18	48	29	26	26	17	30	48	1	21	36	24	22	16	27	40	26	27	33	23	16	37	2	38	11	29	24	33	32	
23	20	23	23	3	21	15	33	29	1	27	6	36	12	8	7	24	16	2	24	13	29	28	23	22	8	23	37	25	19	24	24	14	13	27	8	7	27	2	10	32	24	7	26	9	35	10	9	29	24	
25	22	32	2	8	5	8	25	18	27	3	10	38	24	45	9	7	14	4	11	15	1	25	9	11	10	25	17	5	7	5	3	5	18	31	10	24	20	16	16	1	24	8	3	17	31	35	11	20	26	
27	14	23	4	37	15	17	37	15	13	38	14	5	27	10	23	10	24	18	35	24	13	1	8	28	24	23	33	35	4	24	30	27	21	11	12	32	23	3	28	20	13	30	27	31	4	20	5	30	7	
2	24	3	14	38	8	5	30	31	26	31	17	20	6	32	14	3	21	11	17	22	11	15	2	14	17	21	15	10	5	25	35	23	2	27	17	2	14	23	7	13	20	1	17	11	29	28	18	23	22	
28	25	17	9	16	11	43	9	15	29	8	13	10	2	34	12	22	15	7	29	18	34	12	18	23	3	28	40	26	24	5	24	19	21	35	13	20	25	19	19	19	2	37	39	20	35	36	14	34	32	
27	26	5	17	10	27	11	3	7	27	40	21	17	10	4	16	16	25	15	25	18	9	20	32	32	21	2	20	36	4	17	38	11	23	27	21	36	22	27	23	15	7	23	6	28	26	32	6	36	4	
24	38	9	35	29	8	13	8	23	17	19	4	16	31	12	7	31	29	23	25	14	23	22	10	8	22	24	22	18	20	13	20	35	16	6	10	25	6	6	11	31	24	4	29	2	40	14	30	9	17	
27	17	14	9	33	19	36	22	21	33	31	12	40	5	44	11	10	24	6	28	17	6	9	9	2	12	27	10	40	17	16	35	1	12	9	12	33	5	18	18	20	26	6	5	18	26	37	13	23	23	
37	33	40	12	12	26	16	38	32	29	27	22	39	32	7	15	31	24	16	23	27	2	12	26	35	22	10	7	29	23	29	5	28	27	34	1	26	8	23	13	16	8	32	21	21	20	47	22	21	18	
17	24	20	34	8	25	28	31	36	16	9	12	31	12	34	11	39	27	6	28	17	33	34	6	22	12	27	33	27	23	18	30	18	20	12	9	23	39	8	18	4	25	33	8	19	36	18	13	9	7	
11	28	16	26	16	28	31	30	10	4	32	13	39	18	20	15	36	16	10	12	1	14	9	3	25	16	11	36	14	16	12	15	22	17	7	6	14	36	2	22	30	15	6	21	12	33	25	17	34	4	
19	20	21	20	38	20	11	38	25	28	33	22	26	35	45	42	22	28	40	21	10	8	44	27	8	41	20	3	18	19	21	4	3	18	32	13	19	35	22	10	23	14	42	16	36	40	33	31	11	27	
21	40	31	13	30	28	4	4	33	15	26	11	3	38	11	2	1	2	26	5	11	14	36	17	5	13	19	37	17	8	22	32	24	27	25	15	34	14	29	21	11	18	25	18	26	24	29	16	21	20	
30	13	7	27	29	3	34	20	40	30	35	15	21	4	38	10	24	1	10	22	21	35	43	19	30	16	31	10	12	7	10	42	22	24	3	16	37	15	22	22	34	11	37	41	23	49	9	17	37	16	
2	28	21	9	39	26	2	3	15	27	7	13	30	16	29	13	36	39	32	12	1	35	18	5	13	38	11	15	24	16	12	33	2	17	9	29	11	15	19	24	8	25	29	35	12	12	12	22	32	18	
22	2	16	36	7	24	38	33	36	31	13	24	32	22	40	28	28	22	23	23	12	15	2	12	36	29	20	31	5	8	23	33	31	17	5	16	32	17	10	35	9	32	33	16	36	4	30	3	41	20	
M5
21	13	14	17	33	20	14	16	15	16	28	24	15	27	7	8	30	19	7	20	15	21	14	28	1	13	11	21	21	5	24	9	23	28	17	16	16	5	15	22	15	30	28	12	30	17	8	18	8	15	
26	34	16	21	11	23	25	27	3	23	17	26	31	36	1	28	28	16	18	22	22	24	25	18	12	21	11	18	32	16	2	14	31	7	22	16	21	14	26	33	26	2	35	24	6	11	19	36	31	25	
17	29	3	32	42	14	11	31	30	2	8	32	24	14	18	17	30	23	18	29	26	6	21	4	16	7	25	14	36	21	39	25	1	36	4	14	31	32	4	15	31	1	10	25	40	22	20	30	15	11	
24	13	15	11	1	16	18	22	11	23	6	31	15	22	20	24	39	19	4	12	16	21	1	8	11	21	15	20	16	24	29	21	16	13	15	11	14	9	29	5	7	4	2	6	13	22	10	3	24	21	
33	20	23	2	30	7	27	13	11	14	34	22	12	36	20	18	33	16	8	3	24	12	15	29	2	20	18	22	22	23	21	20	12	5	6	2	15	24	20	31	33	13	42	14	4	18	1	20	25	16	
20	2	7	31	21	19	13	19	26	13	27	7	3	33	38	32	30	7	5	8	6	19	15	25	30	29	18	17	1	4	25	11	12	24	26	5	33	15	14	21	14	26	33	25	20	30	18	11	31	9	
2	22	8	23	20	8	26	18	16	15	1	28	2	8	27	31	24	6	21	7	15	35	14	34	15	13	16	3	5	17	1	10	11	22	6	7	30	14	2	22	16	15	3	21	15	29	4	10	34	8	
27	33	21	23	16	6	17	5	21	24	23	16	36	1	25	20	40	13	12	15	26	15	20	2	7	12	23	27	21	28	6	26	29	29	1	22	22	13	25	33	32	31	1	2	28	23	18	6	42	21	
29	5	22	17	37	25	16	2	11	23	9	21	19	28	17	17	19	15	7	20	28	30	14	15	1	26	7	19	21	13	24	20	23	36	28	16	6	16	19	30	22	18	40	13	15	17	12	17	39	5	
34	11	31	29	30	26	38	10	40	39	21	23	26	25	4	39	39	24	44	10	4	9	27	26	40	22	34	32	3	31	27	8	32	42	2	13	38	23	27	46	10	34	34	21	21	28	29	18	46	12	
8	4	35	18	40	22	21	37	15	11	12	22	44	31	29	40	38	14	7	4	31	5	40	38	29	37	20	31	17	12	33	1	28	32	28	6	25	14	22	29	22	37	2	36	7	34	3	25	28	15	
27	12	14	20	10	8	25	7	25	27	26	31	30	10	27	27	29	20	26	10	6	1	16	26	20	18	21	19	27	16	12	15	22	23	23	17	22	30	17	11	26	19	30	7	22	12	5	22	2	4	
19	17	14	25	15	30	26	13	20	10	30	23	27	34	36	26	24	1	19	2	35	31	9	37	24	23	12	25	27	29	36	5	6	28	26	25	27	9	15	17	31	30	36	36	14	24	12	5	29	3	
13	26	40	6	40	35	25	44	21	21	38	41	38	16	21	45	20	31	6	19	40	24	30	44	29	29	11	29	4	27	20	10	1	30	33	12	33	33	36	32	37	19	42	31	8	35	28	35	22	25	
25	5	3	26	26	10	26	27	8	24	15	3	11	31	11	26	34	15	33	16	35	31	23	38	36	2	26	6	27	17	8	19	20	39	5	29	34	1	11	26	27	17	45	29	15	24	18	5	39	6	
13	10	13	18	22	5	22	17	11	18	27	31	5	12	8	18	32	9	8	10	6	31	5	32	2	27	18	22	22	16	25	10	2	35	7	6	17	17	20	17	26	33	36	14	22	18	13	13	32	1	
18	40	18	31	33	17	11	11	20	6	23	37	20	25	9	31	40	22	21	25	29	27	7	28	15	33	18	23	28	2	12	8	19	9	35	11	18	5	12	8	12	11	27	27	23	31	26	23	26	2	
21	9	5	21	43	13	35	20	19	27	27	4	36	38	17	21	24	23	11	14	17	34	18	18	5	30	21	25	25	26	28	24	27	47	9	16	8	23	5	34	35	37	42	17	9	21	16	20	29	19	
11	34	27	38	31	35	38	15	1	27	5	14	14	42	39	34	40	11	2	7	4	37	26	29	27	6	29	14	39	29	29	22	23	44	18	14	12	22	32	29	3	6	1	39	31	24	29	22	39	16	
23	10	8	17	7	16	20	17	24	14	10	22	1	1	35	30	28	5	6	6	29	5	13	37	17	2	16	23	31	19	36	9	10	20	21	17	24	13	10	8	22	28	21	2	18	23	16	9	27	7	
25	32	18	13	30	21	21	37	44	37	23	10	46	25	27	5	37	7	16	24	29	35	43	27	30	28	11	23	31	27	38	22	19	21	12	23	32	26	30	8	27	6	27	27	33	22	6	23	27	30	
7	33	29	22	29	16	24	8	3	12	42	4	16	36	37	9	7	6	25	21	9	31	28	22	19	34	31	31	21	19	6	11	25	32	5	15	17	28	29	36	22	19	35	30	32	24	30	5	41	22	
14	22	15	23	13	5	24	20	14	25	25	29	33	13	25	23	25	11	13	18	12	11	36	24	23	20	38	4	24	15	27	13	20	26	21	9	10	10	21	32	25	3	20	17	25	10	22	2	38	24	
18	22	22	1	36	7	18	22	21	27	6	1	37	39	25	23	34	27	1	26	28	10	3	31	7	23	9	9	5	16	30	20	29	5	28	22	9	30	25	33	25	27	27	17	2	17	7	32	33	21	
27	22	17	12	38	20	26	11	10	18	35	31	49	33	14	12	29	37	2	15	23	25	9	26	23	21	12	16	16	17	19	15	18	40	23	11	11	30	14	25	27	40	36	8	25	12	7	39	39	10	
5	33	4	35	39	17	8	22	44	10	6	10	44	25	24	23	11	28	31	10	33	12	20	36	30	25	37	7	17	27	6	25	38	6	19	27	17	19	37	27	28	19	13	37	14	22	30	14	16	34	
27	25	7	16	8	18	28	18	13	18	20	24	5	22	36	1	25	2	24	10	26	28	17	12	18	5	15	3	35	24	22	13	5	21	22	18	19	9	16	5	3	24	24	30	20	32	17	13	12	11	
21	15	23	22	24	11	32	21	20	11	39	14	6	43	24	12	33	8	12	11	19	8	9	12	6	31	4	26	26	27	19	2	1	37	14	21	21	18	24	26	33	34	38	18	23	22	17	9	24	12	
20	16	14	30	20	24	18	2	33	20	32	32	34	14	33	34	3	29	31	6	10	22	33	35	30	8	14	41	25	9	4	15	37	13	28	30	25	12	6	26	19	25	17	25	32	35	22	16	14	40	
8	39	19	26	32	7	1	28	40	3	15	34	37	26	34	32	37	12	14	28	30	29	20	18	32	34	19	24	18	28	13	38	20	15	35	34	33	31	2	9	2	17	28	37	33	38	26	24	19	30	
24	11	8	16	6	21	20	7	24	26	22	34	13	40	15	24	16	17	22	10	1	6	23	11	16	1	28	22	25	19	32	15	22	11	1	16	22	3	7	33	16	27	36	28	18	15	15	3	28	19	
23	24	13	28	22	6	16	20	26	17	30	2	4	34	22	22	23	8	18	9	19	3	11	20	12	14	19	12	19	7	10	10	7	12	2	21	4	16	17	24	17	22	6	24	10	16	19	12	27	10	
2	3	19	25	20	24	1	8	11	15	5	28	2	11	28	26	29	6	17	7	14	36	14	35	14	28	17	24	27	9	15	10	11	32	26	24	20	14	4	20	6	10	32	26	19	29	7	10	14	8	
25	1	28	30	20	24	18	5	34	20	32	42	36	31	22	32	24	20	12	9	24	40	22	27	28	9	18	41	35	9	16	26	19	3	8	30	42	32	19	26	5	4	3	31	32	39	2	33	4	33	
14	21	12	29	19	2	11	7	21	4	18	17	1	20	12	8	28	5	21	6	24	28	13	18	15	27	13	18	28	2	23	9	10	4	19	20	26	13	12	3	12	23	14	27	18	28	2	9	20	7	
23	35	20	1	33	22	12	5	25	18	19	31	15	27	6	31	42	9	29	20	31	19	12	33	32	35	20	25	14	7	28	11	21	3	4	23	21	27	17	10	2	32	29	25	32	31	23	23	29	21	
24	31	22	24	28	23	17	4	22	1	27	26	15	2	26	1	10	4	14	20	17	35	20	17	8	32	21	18	7	8	22	16	19	11	7	23	23	9	7	22	1	1	15	9	10	22	14	23	14	2	
9	16	3	23	32	22	3	15	8	18	30	23	22	26	10	23	18	26	13	22	27	29	10	4	7	26	5	4	21	7	28	19	25	28	27	21	22	8	17	24	17	17	31	17	36	16	18	5	33	21	
27	16	22	12	37	18	27	28	38	30	7	5	26	25	9	2	34	30	35	12	10	30	30	21	45	22	6	24	14	22	29	20	10	23	27	22	27	2	4	19	1	31	21	26	12	17	36	6	15	31	
27	32	2	28	20	5	20	21	32	21	7	41	32	9	30	25	30	27	24	11	13	26	30	37	18	17	2	7	29	11	32	29	3	15	20	30	30	39	21	28	11	26	11	20	19	26	28	7	11	14	
12	6	9	18	16	7	10	22	12	2	24	23	32	29	9	4	21	21	23	27	15	17	13	18	26	14	16	11	26	1	18	7	29	24	15	9	14	22	9	18	5	10	28	8	2	4	18	32	28	6	
19	25	22	11	23	17	13	21	1	18	14	31	5	21	21	29	1	9	13	10	8	8	17	38	16	31	20	1	32	35	31	13	1	36	13	15	23	17	23	25	39	12	29	3	22	32	20	13	5	9	
3	19	18	28	19	34	11	4	6	14	4	18	1	34	10	30	4	5	23	6	31	5	13	31	28	27	16	10	31	33	25	9	5	28	19	29	22	13	9	21	19	34	32	38	17	28	16	9	3	7	
23	29	7	23	37	14	3	35	5	36	8	18	36	18	9	23	35	2	26	27	32	11	24	35	20	31	36	28	15	26	38	6	28	45	29	26	28	29	25	39	23	27	22	32	17	21	3	2	42	34	
8	17	16	22	12	5	20	26	31	19	15	30	26	36	14	29	12	14	1	23	22	24	29	25	22	21	38	7	27	16	28	14	32	17	22	16	20	23	26	33	26	33	35	7	24	11	21	8	19	25	
13	42	3	34	24	18	12	39	39	13	21	17	40	23	13	34	15	23	25	25	9	11	31	12	34	8	30	5	20	3	15	1	31	26	9	3	8	16	13	20	13	28	22	40	33	47	27	28	27	12	
6	33	2	3	5	20	14	11	18	4	28	18	14	22	21	31	23	18	21	16	17	15	4	20	15	16	25	13	2	5	3	9	11	7	12	5	3	24	11	22	15	26	16	27	17	6	14	21	17	20	
4	37	7	4	24	21	6	33	16	17	25	21	17	27	17	4	19	12	29	11	13	9	22	16	34	12	26	9	5	7	19	5	18	27	13	7	12	20	15	23	9	8	26	38	34	2	31	14	31	16	
17	14	7	31	28	11	14	28	17	17	25	21	12	21	17	31	19	16	25	17	13	15	5	16	23	12	19	9	24	7	12	5	21	7	13	7	5	8	17	24	17	8	26	31	2	2	27	10	31	16	
10	28	9	15	5	20	18	24	10	19	25	8	8	21	19	31	21	12	21	13	15	17	20	18	15	14	5	3	26	9	21	7	1	2	15	9	11	1	10	10	19	14	26	8	17	4	12	16	29	14	
M6
26	28	19	16	1	25	10	18	12	8	4	21	12	17	17	20	17	19	15	24	23	18	5	1	25	2	22	18	30	5	21	24	10	27	18	23	12	1	18	19	10	16	15	3	27	7	12	22	8	10	
18	15	23	28	12	4	23	24	2	10	12	21	30	28	6	17	24	29	26	17	18	20	27	11	25	7	19	8	31	24	22	8	28	26	31	3	23	16	11	8	8	25	21	18	29	29	6	26	26	21	
30	2	32	19	29	25	2	7	33	25	22	34	18	22	24	35	26	26	27	44	17	33	32	8	39	28	3	25	31	41	34	35	25	27	29	26	29	23	26	36	31	16	46	12	35	36	30	37	21	19	
19	17	1	12	15	4	14	24	34	27	19	12	23	11	15	21	9	34	6	32	18	22	26	32	34	17	27	14	16	24	17	28	5	16	3	2	18	8	8	22	17	5	22	26	31	31	14	15	6	4	
19	7	16	12	19	19	14	24	29	18	9	11	18	14	3	14	12	6	12	16	25	17	27	1	21	17	16	14	20	5	18	26	18	8	26	13	18	12	12	9	4	5	20	6	26	26	9	22	16	17	
15	13	19	7	18	24	10	20	35	30	4	8	12	19	6	19	19	18	14	24	21	20	12	28	2	2	21	10	16	14	6	23	9	12	1	5	14	12	17	7	9	1	26	23	22	29	12	23	19	22	
1	24	19	21	4	34	6	23	38	11	26	26	20	2	18	18	16	26	4	35	4	23	5	38	27	33	8	31	30	38	36	26	23	8	31	12	17	41	32	31	33	32	34	6	32	3	19	41	25	11	
16	11	42	4	25	23	21	21	34	6	36	3	16	19	23	18	20	24	24	24	27	6	16	21	25	24	20	11	15	4	19	15	27	33	27	4	21	7	16	15	8	24	25	13	10	15	7	18	5	16	
16	19	12	13	20	27	20	16	37	7	7	19	9	14	9	24	15	23	13	10	5	5	15	36	26	4	24	10	7	11	18	14	16	7	18	32	10	26	22	21	32	23	24	19	14	9	20	10	1	22	
16	13	10	5	17	38	21	8	12	16	27	22	30	17	23	21	4	8	24	10	25	27	15	34	31	13	17	27	22	25	28	6	27	24	14	23	21	1	20	8	24	23	17	11	4	30	12	45	20	36	
9	24	24	19	15	9	19	24	29	25	22	16	4	17	14	8	19	18	17	15	23	16	12	38	3	17	15	21	27	13	17	25	5	23	15	15	18	11	8	13	3	12	19	17	13	25	12	25	21	16	
16	11	18	20	15	27	13	28	5	28	10	7	4	27	14	25	22	4	20	23	1	27	17	38	27	4	12	1	23	25	4	18	2	9	7	13	22	24	11	14	21	13	6	10	23	24	10	19	21	5	
17	35	27	17	2	31	12	25	39	34	18	16	25	24	1	20	24	25	15	26	10	25	5	33	25	4	28	33	26	36	9	31	19	31	2	35	19	24	10	12	16	27	27	4	29	16	13	38	8	29	
6	19	24	26	23	27	8	21	25	4	10	24	34	20	24	21	14	21	18	21	12	21	31	22	29	21	23	10	36	20	26	12	21	30	19	21	15	12	20	20	12	28	13	7	30	30	18	28	23	25	
11	17	38	27	13	25	23	6	16	20	29	23	2	3	12	19	7	33	10	19	16	16	16	30	18	15	21	32	3	31	18	10	14	27	13	13	23	1	16	10	10	24	12	15	6	3	16	32	3	16	
19	14	21	6	12	35	14	24	38	4	4	23	14	18	6	1	5	12	21	8	23	24	28	10	26	17	1	14	20	9	20	30	11	16	25	1	18	16	28	30	20	5	15	1	24	31	3	26	23	33	
5	35	13	2	35	33	13	14	25	8	31	19	24	31	20	8	25	29	42	37	25	21	31	11	24	28	30	35	17	10	6	28	28	21	32	25	39	26	26	11	18	26	17	17	27	28	4	27	4	31	
5	26	8	28	38	20	22	27	31	37	13	11	29	32	30	15	1	23	23	30	11	18	18	41	22	17	17	30	36	6	19	27	17	19	24	14	30	13	13	15	5	21	6	24	8	24	14	27	19	18	
28	34	25	26	15	25	17	7	35	24	2	13	9	40	19	20	14	5	32	8	27	28	23	7	8	22	40	7	11	32	27	31	24	33	19	27	35	15	25	30	28	22	19	19	13	12	30	25	22	19	
24	27	25	8	26	11	24	27	24	8	21	14	15	26	17	28	18	1	5	40	3	26	22	1	17	21	20	24	18	28	28	33	5	18	26	17	21	8	19	29	22	15	10	16	35	5	28	7	16	26	
22	20	19	6	27	16	17	12	19	33	34	14	25	26	18	11	17	26	24	32	16	14	17	35	18	19	13	4	23	29	15	23	1	19	35	18	21	9	9	11	1	8	30	13	12	23	3	22	26	6	
6	6	28	17	12	23	7	7	27	11	22	21	14	6	17	17	6	10	19	10	13	22	2	29	24	10	12	19	25	7	5	1	15	19	14	19	16	16	9	9	25	10	11	11	1	1	7	32	24	36	
20	20	1	5	13	24	15	27	28	15	19	17	13	6	4	13	22	24	16	22	14	18	26	6	26	4	21	30	29	3	9	13	23	12	3	14	22	14	17	15	9	21	6	23	11	5	14	31	21	22	
17	15	12	7	30	25	12	14	16	5	8	21	21	21	4	15	21	6	19	31	23	13	23	14	33	15	25	12	18	28	26	22	5	14	32	11	16	14	6	16	18	3	32	13	22	22	17	17	3	31	
15	12	24	27	16	14	20	16	32	15	17	19	6	15	16	3	15	15	13	14	25	15	20	10	34	14	16	12	31	25	4	5	16	15	17	3	10	33	13	13	31	22	27	6	24	24	11	29	8	41	
15	15	20	10	23	23	12	12	16	21	18	15	21	11	28	28	11	30	9	2	23	12	22	30	3	14	24	12	8	27	19	18	12	14	29	13	6	14	26	26	18	3	23	15	21	14	17	25	14	19	
17	6	13	19	13	5	5	17	29	18	9	16	19	17	17	6	17	19	19	21	24	3	13	1	26	15	21	21	27	18	16	12	18	11	25	22	20	6	17	9	9	12	22	17	12	12	18	15	16	2	
6	16	44	33	8	11	3	27	27	19	30	9	34	24	22	23	6	30	27	18	32	30	28	37	23	17	20	12	41	15	5	9	30	27	29	9	24	29	8	17	41	26	34	19	16	35	15	3	32	40	
10	9	11	17	21	15	19	29	38	30	23	28	18	12	10	17	28	16	26	2	10	29	15	13	33	13	15	19	25	6	6	35	23	21	20	10	23	21	22	23	25	10	2	16	2	17	22	2	2	5	
13	13	21	10	14	22	12	22	37	5	7	21	21	3	15	19	7	28	19	15	19	10	14	30	32	9	17	12	18	8	18	6	9	14	32	6	16	14	8	14	18	3	15	15	19	19	12	14	21	6	
13	18	37	8	15	4	19	19	33	17	34	5	23	3	29	21	18	22	8	22	25	4	14	19	27	22	23	31	37	19	17	13	27	21	26	5	28	19	19	3	11	22	23	13	6	13	19	25	8	24	
5	2	30	19	6	27	10	13	26	5	16	19	20	15	30	11	14	23	13	4	28	16	14	23	27	4	6	17	27	31	29	18	16	13	31	22	10	23	25	3	27	12	20	5	25	21	1	34	18	31	
12	2	9	16	8	10	15	12	12	12	2	15	13	11	23	18	11	30	1	11	29	12	20	30	30	11	13	12	24	27	25	2	12	20	23	19	6	20	16	10	13	9	23	12	21	14	8	30	11	2	
28	28	12	3	19	23	23	8	13	37	1	21	23	3	23	6	24	1	21	36	7	18	28	28	2	24	20	25	15	32	22	27	27	25	11	22	21	16	16	18	8	16	14	13	14	6	17	28	19	21	
20	30	15	37	7	19	2	14	30	22	6	17	26	17	2	8	20	29	3	19	23	16	13	21	21	12	16	31	27	24	4	25	15	32	15	23	27	12	12	9	4	30	15	13	25	25	1	26	27	17	
13	10	6	26	14	6	18	14	14	13	24	17	28	13	20	19	13	2	11	12	9	6	16	7	19	12	14	22	29	21	2	3	13	21	28	30	8	14	23	11	25	20	25	13	2	15	9	32	2	33	
12	14	20	29	15	15	19	4	30	20	30	7	26	3	29	26	3	22	1	19	23	4	14	35	24	19	19	12	19	19	17	10	4	26	21	23	25	28	18	18	35	22	15	7	13	13	10	22	6	40	
10	17	28	17	5	9	5	2	33	4	26	1	28	1	14	26	13	8	20	4	16	17	27	6	40	19	21	19	25	22	30	10	23	21	36	20	23	21	24	8	25	10	28	16	26	26	16	4	21	14	
11	1	16	2	25	21	24	6	32	35	7	17	14	1	24	16	19	23	17	24	28	19	12	26	23	2	9	8	30	34	20	26	20	25	25	16	14	14	14	16	6	25	31	23	28	6	15	5	22	19	
12	30	1	16	17	21	11	15	5	15	33	19	6	7	16	16	22	29	30	7	3	19	16	39	17	19	18	7	33	10	4	28	28	15	17	27	31	14	14	14	6	18	21	19	28	28	10	25	23	12	
21	21	43	29	27	9	12	22	20	26	37	7	18	21	19	4	10	19	25	25	28	7	17	36	11	25	6	23	40	22	8	16	16	34	29	15	31	2	2	4	36	25	26	26	16	16	3	16	25	7	
8	6	12	1	23	24	3	13	30	23	20	12	12	12	22	19	12	23	10	24	14	13	23	21	24	6	16	3	9	25	17	19	13	5	23	4	7	5	17	19	9	28	24	16	22	22	8	16	12	22	
7	20	25	15	26	38	17	27	29	37	14	26	23	20	23	29	26	23	24	26	1	27	34	33	24	4	29	17	23	33	25	33	27	19	11	1	21	16	13	14	23	8	36	11	34	11	13	30	24	18	
23	24	30	19	28	16	19	29	27	29	32	14	25	5	5	1	17	26	18	32	17	14	2	12	18	24	13	21	27	28	15	23	15	23	29	22	23	9	9	11	1	12	16	2	23	23	10	21	14	3	
20	20	4	19	26	11	21	21	23	19	22	25	24	12	18	28	20	20	19	1	27	6	16	2	20	17	26	21	4	12	19	15	19	23	25	22	16	12	5	13	27	12	25	25	15	15	21	30	1	9	
15	8	13	29	16	24	20	23	29	6	14	29	30	25	18	21	24	8	23	14	3	21	24	31	11	14	11	27	37	10	7	5	18	23	20	25	20	33	15	13	32	22	17	15	30	19	9	17	28	17	
30	4	9	17	15	16	5	26	39	30	13	29	28	16	8	32	23	17	10	29	33	26	5	44	27	27	31	34	33	41	13	20	2	9	37	21	20	31	20	22	34	37	27	29	4	27	13	22	28	19	
16	17	34	11	21	17	7	23	41	8	25	22	35	13	14	26	3	4	3	8	8	24	23	28	17	19	21	19	32	9	23	10	21	28	9	27	18	28	22	18	23	17	34	18	7	33	16	29	26	35	
2	32	19	8	16	2	7	22	24	27	20	3	5	21	3	25	21	20	11	29	24	22	19	38	8	18	19	30	24	9	21	28	7	2	7	6	16	20	24	2	21	32	32	18	31	25	18	22	22	34	
19	12	12	36	22	16	13	11	26	27	31	14	31	10	7	1	10	29	8	26	30	11	21	17	15	26	26	19	2	26	3	17	11	24	15	17	5	30	25	24	29	29	22	14	8	20	17	10	13	40	
M7
24	24	28	23	16	16	19	32	15	3	22	28	5	28	6	9	10	31	13	9	3	17	9	11	13	23	16	3	38	13	24	17	16	12	7	19	10	11	18	12	27	19	24	26	24	18	13	14	9	24	
31	22	16	21	38	37	28	28	35	30	14	30	32	11	4	1	27	24	33	20	2	25	18	21	35	33	1	12	5	24	27	13	18	7	26	21	19	30	27	22	20	27	30	29	22	16	18	12	2	9	
7	19	33	17	31	45	32	6	22	25	29	11	29	36	17	33	23	41	3	28	33	12	20	21	31	16	7	29	24	15	37	40	30	32	36	34	27	22	41	36	28	32	40	39	28	31	16	22	41	14	
16	19	29	7	20	23	30	24	18	35	32	17	42	4	33	6	36	22	23	3	31	34	8	12	38	29	26	25	42	29	32	41	36	2	36	12	32	6	31	27	16	9	10	27	32	6	2	22	11	26	
21	37	3	18	1	24	26	9	24	15	21	18	22	30	15	22	7	33	19	23	24	14	5	17	15	3	35	15	27	27	19	20	24	18	8	21	22	17	4	20	24	4	30	16	7	15	3	27	29	23	
28	27	9	18	34	13	26	2	32	19	16	17	12	11	14	19	24	28	29	32	20	30	27	17	32	8	22	32	3	14	29	28	7	19	4	15	7	34	42	31	21	21	5	11	19	31	7	9	1	17	
23	22	18	13	24	31	24	13	8	20	14	23	22	11	8	9	19	23	23	2	11	25	8	17	25	29	12	2	22	21	24	23	23	6	18	18	2	29	1	3	4	19	38	1	14	26	12	4	6	23	
21	31	14	14	30	18	38	6	21	9	23	34	20	34	13	9	1	31	13	17	18	8	15	22	9	35	28	9	16	2	15	18	18	18	31	15	16	3	22	14	18	10	24	38	19	9	7	21	4	17	
8	33	31	15	32	5	42	37	22	38	26	24	18	35	7	9	38	15	32	23	8	28	15	26	34	18	6	11	33	13	7	6	15	20	33	27	18	18	21	6	12	23	26	38	26	45	17	23	26	17	
5	35	24	7	4	3	33	21	40	14	32	29	12	32	9	20	6	9	18	22	20	13	12	28	14	20	3	13	29	24	2	23	2	22	8	20	20	16	18	10	23	2	43	15	20	13	6	22	9	22	
21	19	19	19	36	36	1	32	33	9	36	11	20	11	5	16	1	13	13	17	10	8	15	24	9	4	29	9	18	27	15	18	18	18	24	15	16	11	24	5	18	10	17	27	19	9	7	10	7	7	
5	4	22	27	6	21	24	27	1	15	11	16	26	36	19	22	7	2	13	23	2	14	21	8	15	19	31	15	33	9	16	4	24	24	18	21	22	11	15	19	24	16	28	29	25	15	13	27	4	18	
33	20	31	39	39	15	32	31	32	21	13	16	18	37	24	10	13	33	4	29	27	13	13	26	21	31	25	21	10	33	27	11	6	12	41	27	1	23	29	26	30	22	3	39	31	21	14	33	20	20	
20	4	30	33	9	4	10	28	37	20	4	37	31	27	12	27	12	38	17	16	29	19	26	35	20	30	3	20	10	15	4	29	1	29	18	26	17	7	13	25	2	3	37	33	22	11	18	32	33	28	
21	24	10	18	16	24	26	29	14	33	14	31	22	33	21	15	25	27	29	31	17	32	14	23	31	4	35	8	14	27	34	13	16	17	30	7	6	21	11	16	23	30	26	33	7	9	8	20	10	3	
28	21	24	23	41	20	29	32	46	13	25	38	35	32	28	21	40	34	18	3	15	12	20	4	40	16	4	23	39	7	10	40	33	22	31	22	21	21	16	5	37	23	13	13	27	25	1	25	19	21	
15	25	13	24	41	30	32	26	30	3	30	28	14	28	7	10	21	25	7	11	12	2	9	18	3	29	23	3	23	32	9	12	12	12	25	9	10	5	18	8	12	4	36	32	13	3	1	15	17	11	
17	10	15	6	31	20	21	5	4	38	33	11	18	2	23	15	32	2	26	13	28	7	41	21	8	19	35	35	16	23	32	16	10	27	7	1	29	28	32	26	33	3	21	7	3	37	11	17	36	32	
13	4	24	18	13	4	27	1	38	15	5	29	30	29	23	17	11	19	23	7	1	18	19	16	19	16	10	13	39	7	25	26	28	8	22	25	15	18	24	24	13	20	19	32	25	4	13	15	17	27	
38	16	32	15	20	41	35	20	43	24	27	40	1	43	23	10	39	10	20	29	23	38	28	30	9	6	30	38	37	4	15	7	30	1	14	6	6	18	30	3	4	16	31	29	24	22	24	42	29	31	
37	14	2	17	32	11	27	5	36	6	29	4	42	41	18	7	38	12	9	26	25	35	22	27	23	27	27	16	26	30	33	45	45	11	36	32	15	4	25	28	17	12	14	34	38	31	5	28	25	37	
6	10	21	30	12	24	11	33	36	1	16	30	22	34	15	16	3	18	14	8	4	10	3	16	11	17	31	9	31	13	17	20	20	18	13	1	13	13	10	16	20	12	34	2	21	11	3	21	25	19	
20	5	15	17	8	23	22	21	32	6	30	4	21	30	27	2	32	25	26	21	14	13	11	20	19	22	22	5	34	25	28	11	22	14	11	21	12	39	20	16	33	7	22	31	6	39	15	17	1	26	
18	25	3	32	30	7	11	11	48	35	4	37	14	11	9	10	27	16	31	29	25	25	3	30	19	30	30	35	18	7	36	35	24	4	23	1	35	10	33	15	44	11	24	4	26	7	18	34	12	33	
20	11	15	10	33	28	21	22	1	20	35	21	5	15	18	27	12	20	24	6	12	19	26	29	10	27	4	20	30	18	20	6	20	11	15	9	13	5	34	25	12	16	6	18	11	20	3	1	20	18	
23	15	11	20	37	26	26	26	24	20	15	34	18	15	11	20	19	26	31	35	6	1	33	27	6	25	38	27	28	10	33	22	36	8	16	18	34	25	35	6	12	27	30	34	9	10	25	24	12	35	
43	3	29	33	34	24	13	7	38	15	33	3	28	28	20	4	23	10	35	23	3	25	32	12	25	3	24	31	9	27	30	11	28	11	33	30	23	9	4	1	13	26	9	25	31	13	21	24	21	39	
16	17	21	16	45	34	27	27	22	30	22	20	21	20	17	2	22	23	16	21	4	27	1	10	18	22	22	30	32	24	27	26	26	4	17	11	2	32	10	23	23	17	31	24	17	29	5	7	18	16	
27	39	31	7	40	35	24	38	16	29	25	18	42	12	37	28	41	43	29	34	29	25	22	11	2	18	24	21	30	12	11	20	20	30	40	11	23	24	29	20	27	26	42	32	43	16	31	33	31	42	
8	21	17	12	33	17	23	25	26	4	33	31	20	17	9	25	18	9	30	21	14	13	18	23	13	2	35	26	32	20	23	18	14	10	14	32	15	28	25	28	19	3	3	20	5	25	8	3	22	20	
18	22	26	12	5	39	13	38	31	16	34	28	7	41	20	23	8	35	20	1	9	15	14	31	16	39	10	16	30	10	22	17	9	8	5	11	1	18	17	21	25	17	25	6	23	8	14	28	6	24	
26	18	7	19	13	27	41	19	38	30	41	15	27	18	34	14	22	7	19	33	4	29	16	30	16	28	9	21	16	19	36	17	22	29	35	36	7	32	36	7	37	26	6	26	12	30	23	21	40	38	
22	21	27	19	36	25	8	37	28	17	35	16	17	19	19	23	9	34	21	8	21	16	22	26	17	1	37	16	24	14	23	20	26	6	29	23	12	8	2	4	26	18	42	32	8	17	15	15	31	25	
30	31	7	3	30	36	41	30	31	5	34	23	21	27	3	8	23	17	12	9	1	9	15	24	23	21	10	9	37	31	34	28	26	6	30	25	16	3	1	20	37	28	12	33	26	13	4	21	4	30	
31	11	5	10	35	33	18	21	9	13	22	22	33	20	19	28	19	40	31	35	14	26	3	9	25	26	43	21	39	33	33	35	11	30	16	1	28	29	3	13	36	16	15	30	24	24	25	33	23	33	
30	29	1	20	42	16	22	30	25	34	23	33	31	17	28	5	26	28	36	23	5	16	11	2	24	12	25	34	13	26	31	30	30	21	23	20	23	20	37	26	23	26	23	23	21	7	3	11	17	37	
8	17	1	1	41	2	30	1	11	30	18	6	25	24	5	1	25	14	15	20	16	29	31	21	31	33	21	25	39	1	10	22	12	20	15	39	22	1	33	22	26	25	30	15	20	32	16	10	29	1	
33	2	28	23	25	32	34	12	14	34	29	7	16	28	13	5	27	33	5	24	9	33	19	8	29	33	10	25	17	13	3	13	20	19	9	26	26	35	12	1	30	29	11	12	24	4	22	14	12	4	
16	23	20	18	21	29	29	31	32	10	9	7	13	9	1	15	2	18	11	18	12	9	16	5	10	35	26	10	12	11	16	19	1	13	5	16	9	12	25	15	19	11	43	26	19	10	8	9	11	11	
14	30	3	21	19	38	2	2	32	35	37	4	8	23	35	31	27	3	38	23	23	33	35	29	22	37	18	33	5	22	26	1	31	5	1	25	24	8	10	1	8	27	17	29	21	28	28	12	31	12	
30	31	35	5	30	15	41	30	36	25	29	25	35	18	29	10	17	28	16	25	18	24	6	24	13	7	14	9	24	33	31	34	21	7	15	23	1	22	17	30	14	26	22	37	29	25	19	21	18	30	
21	13	39	18	26	19	40	32	13	33	37	40	7	10	37	5	27	23	39	24	29	9	26	19	9	23	25	20	48	27	18	20	34	29	6	13	20	37	13	26	40	23	17	4	7	35	10	31	10	24	
25	24	7	15	13	31	16	22	24	20	45	13	26	20	29	33	21	25	33	12	17	22	33	34	3	11	38	29	1	23	26	25	25	4	20	34	17	31	21	34	3	21	25	23	16	27	22	6	25	11	
25	5	23	2	11	28	34	36	6	13	25	12	24	12	16	19	5	28	17	21	21	12	18	27	13	33	33	12	31	31	4	22	17	21	30	19	19	15	1	18	8	14	46	41	23	13	11	24	27	20	
6	30	29	3	20	9	36	25	25	39	31	28	7	30	25	12	31	18	25	31	27	19	30	10	30	8	25	39	39	12	21	5	19	26	30	28	28	37	33	15	25	31	29	19	26	34	16	16	35	21	
18	8	28	23	26	15	34	7	9	13	22	27	16	27	24	9	29	30	10	21	11	34	8	17	25	22	6	2	39	31	34	33	2	11	24	18	9	12	17	30	21	24	38	4	21	33	2	14	25	18	
25	21	33	19	36	26	5	9	29	31	1	3	20	6	4	25	24	36	6	40	27	31	24	28	32	27	36	18	41	31	31	24	35	27	33	25	25	34	31	28	4	20	40	25	11	3	2	19	18	27	
11	10	6	1	30	19	12	14	15	15	37	20	12	6	15	22	7	11	19	23	3	13	19	20	15	18	24	15	21	9	12	11	11	2	6	21	4	17	30	20	8	7	29	9	2	14	8	26	11	20	
22	32	20	22	14	4	8	7	23	10	22	16	13	29	8	16	2	21	1	18	19	5	16	1	10	7	27	10	3	15	13	19	19	19	32	16	17	12	25	7	19	7	29	12	12	10	3	22	8	3	
11	38	30	26	42	5	30	21	16	11	39	26	14	44	20	1	12	4	24	15	29	19	26	21	20	17	21	20	40	24	26	25	10	29	37	26	27	14	18	11	29	21	8	8	15	20	18	32	34	17	
M8
15	38	40	25	25	37	27	1	7	12	28	35	4	35	22	9	38	11	3	24	16	27	22	33	44	43	19	12	20	22	23	7	18	17	37	33	9	36	18	33	31	18	38	1	23	21	31	13	15	29	
35	31	37	31	27	11	33	15	26	24	23	41	38	35	28	29	23	36	38	33	24	33	9	25	36	6	9	18	8	22	26	23	2	29	36	1	16	24	31	5	14	33	7	31	24	27	21	22	40	3	
8	27	38	28	29	19	7	5	23	32	28	8	21	20	25	13	10	15	35	2	15	30	10	33	24	25	28	15	25	13	26	28	2	28	35	33	19	23	24	43	33	28	22	18	26	24	2	22	39	42	
10	6	22	24	37	22	41	26	11	26	18	41	40	10	31	39	43	17	2	43	1	17	1	12	13	31	16	28	33	24	39	41	27	25	43	18	26	42	25	30	6	36	32	39	39	31	46	35	39	2	
33	40	38	21	40	24	30	27	25	23	15	29	2	19	27	28	19	13	26	28	37	20	18	17	23	39	12	17	23	17	28	9	13	4	38	45	17	24	30	21	13	11	19	25	14	16	33	15	38	41	
35	11	32	12	36	5	20	24	31	24	2	26	23	7	24	17	3	49	24	18	39	17	11	19	6	23	29	38	13	32	39	34	17	1	6	27	26	30	15	27	10	29	22	1	14	13	25	12	32	15	
25	32	45	15	25	32	23	27	16	6	34	18	12	27	11	4	32	28	33	14	33	23	18	20	23	22	24	8	18	18	19	21	3	23	28	4	21	16	21	27	30	27	14	21	19	2	23	16	11	10	
34	26	6	18	49	25	2	9	4	3	1	31	26	26	15	32	19	32	15	8	29	38	30	17	34	12	18	28	4	33	30	29	8	37	29	21	14	14	26	17	20	20	9	20	29	12	27	16	41	19	
17	7	13	4	31	19	38	11	27	25	6	37	14	39	19	18	8	24	29	13	12	5	29	31	1	23	29	37	23	35	29	29	27	39	38	27	6	33	19	31	31	24	31	10	24	19	24	23	29	8	
22	25	23	18	28	6	15	22	13	20	27	12	3	3	15	9	6	25	21	24	28	15	9	20	29	12	18	5	15	15	16	8	5	26	22	2	4	13	18	1	20	24	19	5	16	14	25	27	18	36	
9	15	2	10	29	23	4	31	25	21	24	28	10	5	23	19	25	26	31	25	15	29	3	30	5	22	18	17	8	27	25	22	28	13	16	35	30	40	6	16	14	28	20	41	28	23	37	24	45	12	
38	12	29	26	13	6	17	21	14	5	21	15	28	28	2	25	28	38	42	10	36	10	27	21	28	23	29	22	23	6	33	16	2	26	22	27	2	5	20	10	3	24	3	26	32	2	36	11	24	12	
14	18	44	25	37	19	31	34	9	8	14	10	25	21	26	27	31	12	22	15	29	19	13	21	34	21	27	16	22	26	21	29	21	3	39	8	10	24	29	29	12	23	5	19	27	13	3	14	46	29	
25	6	7	32	19	29	32	13	27	28	2	29	15	24	29	30	16	2	8	4	31	31	29	1	12	18	24	19	29	9	10	22	12	43	17	26	23	21	7	8	26	22	11	22	29	16	6	26	27	4	
29	4	45	18	9	22	27	11	20	28	16	22	6	23	22	23	25	15	28	17	7	21	13	14	36	29	2	12	9	22	23	9	23	5	5	9	25	20	14	25	13	31	26	31	23	17	44	16	44	18	
36	41	21	38	32	21	1	3	31	39	25	16	11	11	2	13	3	39	35	29	13	5	27	26	43	8	9	34	44	36	38	8	22	28	37	39	11	22	10	39	16	20	9	27	26	7	23	35	18	37	
14	30	45	44	10	25	42	21	32	10	19	21	23	33	35	33	1	25	31	29	30	3	22	21	34	12	3	35	27	33	26	22	5	8	13	32	17	17	9	31	18	25	16	35	10	20	27	19	44	27	
39	15	27	2	13	16	39	4	13	11	35	11	5	6	34	35	18	40	32	42	21	39	23	13	37	34	15	24	11	34	8	29	9	24	14	33	32	22	29	32	17	9	12	27	27	15	30	20	12	33	
19	16	5	31	45	8	13	25	2	38	29	41	31	14	28	4	5	36	11	12	27	33	17	31	25	39	25	18	28	22	29	23	29	28	33	36	29	40	30	26	34	27	23	28	5	15	26	39	13	37	
26	6	27	27	14	23	29	7	21	31	23	29	21	19	14	25	27	2	8	13	34	29	24	40	10	20	15	14	24	3	4	6	5	22	19	26	11	22	25	30	28	33	11	17	23	6	1	21	43	13	
23	3	11	28	41	13	35	37	3	37	14	12	39	25	23	31	35	8	8	19	39	35	17	45	38	28	3	20	16	30	31	4	13	33	28	19	24	26	27	27	7	33	13	23	31	22	7	9	34	25	
8	24	44	14	20	27	17	24	12	1	22	7	24	24	17	13	27	13	1	37	12	1	17	29	33	29	7	26	34	18	35	29	11	47	17	23	25	8	12	22	20	28	35	25	37	3	25	30	22	6	
20	29	14	16	20	37	18	22	11	24	30	26	34	9	13	14	8	23	20	4	21	18	13	21	19	29	23	3	13	13	3	16	14	35	13	34	7	27	16	13	27	17	22	22	14	12	35	31	36	28	
20	34	33	12	35	21	36	21	26	13	7	5	29	20	20	22	25	36	17	10	27	27	5	31	35	8	14	28	9	35	15	9	5	25	30	35	18	26	3	22	8	4	9	28	25	29	23	28	1	5	
37	16	20	24	13	1	38	9	9	26	22	19	10	27	1	34	22	32	11	34	31	37	18	39	20	34	40	23	33	17	34	11	9	21	25	36	16	31	35	40	30	6	38	21	33	1	35	5	27	29	
31	36	36	36	41	8	29	8	18	39	12	40	39	24	20	34	12	26	27	22	27	38	14	18	33	14	1	23	33	33	34	12	9	28	32	45	5	13	27	30	3	27	25	26	13	16	10	30	31	24	
11	13	39	11	20	20	21	16	14	24	26	5	5	12	16	7	32	26	30	29	2	21	3	31	2	30	32	6	16	16	17	19	17	28	20	28	19	24	11	32	21	4	32	33	4	13	34	16	2	32	
10	28	41	6	20	34	8	12	1	14	31	16	26	33	3	4	26	13	35	33	18	8	3	38	33	30	27	31	3	3	4	6	4	29	29	24	6	17	6	28	18	12	25	29	4	2	38	31	40	29	
22	7	42	20	33	14	15	14	15	28	18	10	3	27	17	4	18	23	12	21	11	22	17	18	36	1	7	7	3	17	18	16	15	27	38	16	11	9	20	20	9	26	13	25	12	9	9	21	37	29	
30	12	36	26	32	4	6	12	21	1	11	20	24	24	1	24	14	33	42	10	34	28	7	29	17	23	29	13	22	2	24	26	24	24	29	16	25	34	26	22	30	31	26	15	24	22	20	35	8	5	
14	45	32	10	29	22	25	18	18	13	12	16	36	32	16	21	6	30	40	31	22	25	20	32	12	9	11	10	20	20	21	4	21	30	8	14	19	20	23	17	17	16	4	35	2	19	19	11	27	8	
3	34	45	19	16	27	32	10	15	26	15	25	25	30	24	15	36	20	27	44	27	14	27	30	26	28	24	27	37	24	26	34	25	39	3	21	4	33	3	26	36	2	19	35	2	36	42	12	44	30	
31	32	32	5	15	13	4	16	19	39	9	11	16	27	30	31	28	27	39	7	36	15	2	7	38	27	8	20	19	26	13	14	24	16	38	34	33	22	14	19	9	33	34	17	10	4	28	27	12	21	
26	42	33	34	38	12	33	46	43	15	3	17	14	36	41	28	31	48	15	16	33	8	6	10	23	37	24	35	11	38	42	35	15	32	37	37	22	38	23	26	18	22	13	32	24	4	32	3	45	42	
18	3	38	2	40	12	31	18	21	30	18	39	9	3	7	27	7	36	29	6	3	31	25	32	13	9	15	16	26	21	27	12	9	32	6	21	19	23	25	4	16	35	25	8	2	6	3	21	33	5	
37	33	11	35	19	5	18	19	29	3	16	17	15	1	1	32	11	37	24	21	6	37	21	29	9	6	10	22	6	7	33	23	20	25	30	25	1	20	35	24	14	31	36	23	21	6	9	29	32	21	
36	4	26	21	2	22	36	7	20	1	17	30	3	14	12	5	21	38	21	29	33	36	1	22	35	22	12	22	31	27	33	29	1	39	36	23	22	34	13	22	24	8	30	26	22	31	30	37	1	15	
34	26	46	2	11	28	39	36	27	31	19	26	26	17	6	14	39	3	31	24	28	24	10	26	20	23	18	33	6	14	16	35	31	8	9	45	33	26	4	29	2	17	16	45	3	20	38	12	35	31	
37	11	41	31	16	8	15	33	3	29	15	2	6	7	34	19	30	28	16	29	4	4	4	34	26	36	1	24	34	16	26	11	10	16	7	31	32	15	24	13	37	25	33	23	9	28	35	5	21	7	
15	26	33	2	44	1	23	3	28	37	7	9	15	1	29	31	8	18	44	19	40	8	30	30	26	43	14	20	28	10	31	33	13	21	26	7	24	1	19	21	17	5	16	21	1	8	7	10	22	13	
2	9	41	12	38	2	7	36	12	18	21	30	33	28	29	34	24	3	6	25	29	11	25	22	11	34	35	26	10	14	24	4	30	11	3	23	24	34	14	33	31	19	14	12	19	2	13	22	39	20	
27	42	18	27	39	19	31	35	25	7	40	18	30	10	27	27	33	33	20	26	37	40	36	24	9	39	37	32	18	14	28	35	32	30	43	29	31	16	16	20	16	32	41	28	4	2	30	31	39	40	
39	43	4	37	42	15	8	16	19	24	20	34	32	5	11	33	20	28	28	30	4	26	11	19	40	3	9	31	26	33	17	20	17	10	39	33	13	21	12	22	11	35	22	27	18	22	18	2	39	27	
21	38	33	11	12	16	37	1	9	23	6	30	20	25	7	30	20	5	28	29	23	21	11	21	23	3	9	23	24	28	34	20	17	5	40	42	13	9	19	27	6	35	8	34	21	17	18	15	23	22	
5	32	42	12	2	4	10	30	19	39	12	10	24	11	32	3	26	24	39	8	9	33	2	32	22	17	9	22	32	21	26	5	27	24	23	9	7	4	9	42	21	34	34	24	27	11	9	1	19	36	
18	37	22	5	22	7	30	6	23	5	28	6	4	20	22	11	14	32	41	14	35	4	25	32	13	18	6	15	25	20	9	24	10	27	20	19	19	23	28	26	16	34	2	18	26	24	2	9	18	29	
19	35	46	15	26	12	17	21	10	19	25	25	35	7	12	13	19	22	44	1	22	17	12	38	34	39	36	2	12	12	13	15	7	32	37	33	6	10	15	37	27	21	20	5	13	11	36	9	33	38	
18	10	22	14	7	23	4	13	6	1	27	24	23	23	11	12	2	15	23	8	26	16	11	21	9	10	11	1	11	11	12	14	12	37	28	23	14	7	14	22	1	17	33	22	12	10	6	26	7	16	
17	39	17	17	18	15	17	18	12	25	30	21	10	21	14	4	31	14	41	17	9	19	5	21	30	35	38	4	14	14	15	16	15	35	40	19	17	28	17	39	5	23	7	25	1	13	9	29	19	7	
39	22	22	13	36	24	11	32	30	40	5	32	9	34	24	33	43	20	24	25	1	23	7	10	6	41	12	22	32	32	30	34	32	17	29	19	35	24	19	25	9	29	37	44	8	24	39	13	7	32	
M9
32	8	28	10	21	18	27	28	9	31	26	20	6	28	18	37	27	17	28	14	20	23	27	10	14	3	7	12	32	7	22	4	30	36	26	31	16	26	24	21	4	7	17	14	32	12	31	8	27	15	
32	12	24	17	8	20	26	1	21	6	8	22	11	27	30	18	7	7	2	15	22	5	12	6	20	29	21	14	14	33	24	7	26	20	9	32	8	16	6	3	16	9	19	20	10	27	25	10	4	7	
26	34	37	6	31	22	37	6	31	32	19	1	16	32	36	27	8	22	29	26	24	15	27	31	39	5	5	16	25	21	18	2	29	24	20	30	23	7	17	14	16	17	10	25	39	29	36	14	31	34	
28	15	14	35	11	11	2	21	24	9	19	10	14	11	34	17	10	20	5	25	6	22	24	11	23	11	8	5	18	2	15	4	16	33	9	3	14	16	11	14	16	11	32	32	26	6	25	3	7	33	
5	21	16	3	15	13	1	3	9	15	25	9	20	18	33	5	16	22	11	21	15	17	26	17	21	25	17	7	31	15	13	1	37	33	21	25	16	10	17	20	15	23	38	8	11	20	34	21	13	26	
11	20	7	33	16	12	30	12	27	14	4	14	19	22	18	31	15	10	10	31	6	29	25	16	28	17	16	6	25	13	8	9	23	9	14	26	15	25	2	19	17	6	34	38	29	19	11	20	12	27	
10	21	35	23	1	9	10	9	6	20	3	25	24	28	26	23	4	29	35	14	23	20	31	33	24	28	17	18	13	32	9	6	14	24	8	31	8	3	5	2	24	8	19	13	8	5	24	11	18	25	
27	11	26	26	11	22	21	31	1	28	21	14	2	39	10	5	22	8	24	23	22	17	23	30	27	24	21	30	8	24	32	20	26	8	22	26	7	6	7	16	24	22	26	32	2	28	27	2	6	33	
17	12	12	24	1	33	13	18	36	37	18	9	15	27	23	8	12	11	34	15	22	11	36	4	15	10	8	27	36	25	34	5	5	22	10	34	7	29	24	30	15	36	17	6	38	8	8	4	36	41	
10	13	6	33	3	9	28	6	27	7	17	26	12	32	38	27	8	25	3	15	16	26	26	9	18	34	23	36	8	27	16	16	20	4	18	26	12	31	9	12	5	4	4	23	34	23	32	21	5	4	
14	23	5	9	18	35	18	3	3	23	29	17	26	22	5	19	24	13	19	26	1	22	38	19	26	16	10	35	37	11	20	32	16	8	34	37	18	40	25	28	26	31	34	26	21	19	38	18	12	41	
26	21	36	27	17	28	23	30	5	15	21	10	17	8	42	30	16	23	11	29	21	30	24	5	14	13	33	35	6	25	12	6	31	6	16	22	21	4	12	20	20	7	15	34	30	30	2	27	13	31	
34	19	28	11	2	25	25	22	20	13	7	1	18	28	45	23	8	23	9	14	7	15	8	15	27	13	20	19	13	9	17	6	33	28	8	28	18	30	5	2	30	8	20	24	27	28	12	11	11	37	
16	25	22	29	18	7	25	17	11	26	13	3	17	17	32	22	14	12	26	13	9	24	20	20	28	19	5	1	19	8	11	12	18	24	14	7	5	20	11	8	12	1	18	33	24	14	28	12	28	32	
24	20	13	35	20	7	21	10	25	22	13	10	23	18	31	15	12	17	18	17	10	19	21	24	23	20	12	2	25	11	12	10	13	17	16	4	9	11	15	14	9	20	3	34	7	3	14	15	18	30	
9	12	26	5	16	11	26	21	15	10	17	13	28	14	33	6	21	11	34	35	12	19	24	10	2	15	6	5	12	16	15	27	30	29	19	30	14	14	18	23	2	29	13	18	17	16	23	19	8	13	
36	3	14	33	1	3	14	7	30	7	11	18	12	30	33	16	8	19	3	21	2	11	2	7	3	38	21	35	23	24	2	6	31	5	7	13	8	31	9	12	26	15	30	36	37	28	20	15	5	31	
1	5	18	9	11	25	1	5	16	32	17	15	6	35	22	7	17	25	28	14	26	10	26	15	14	26	7	19	27	22	29	11	4	21	6	6	6	27	19	16	14	10	6	15	19	7	31	6	20	5	
34	9	30	29	5	27	27	22	26	3	13	22	8	28	38	29	4	32	27	20	23	33	27	5	17	34	26	32	19	30	32	12	40	28	14	35	24	27	5	8	29	11	26	34	33	43	30	17	1	27	
15	12	26	15	9	27	13	24	30	7	17	16	12	7	23	15	8	26	3	15	11	3	14	9	15	1	4	21	9	14	31	16	5	22	18	18	7	12	9	12	15	15	27	4	5	8	29	7	5	31	
1	10	27	27	18	32	1	33	10	31	27	36	31	28	16	37	28	1	36	15	39	10	9	5	31	15	36	31	33	26	26	23	33	10	31	2	32	12	18	26	22	32	25	7	29	19	3	28	25	20	
30	15	6	1	11	2	3	22	16	9	19	28	14	1	15	26	10	30	5	26	29	27	6	11	17	40	15	32	14	4	18	18	24	20	20	32	7	1	11	14	34	17	14	4	34	11	10	16	7	28	
15	13	32	23	13	34	14	25	33	5	3	10	16	3	7	14	21	8	29	16	18	3	37	35	16	18	9	28	26	26	35	19	6	19	21	31	8	15	18	15	9	21	20	38	26	9	21	8	14	30	
29	24	33	29	20	33	1	10	11	12	18	19	5	2	16	20	19	6	23	11	25	23	26	29	18	30	20	27	24	27	33	17	17	20	9	9	19	15	2	13	27	19	11	8	32	20	30	9	25	37	
22	37	10	3	23	23	24	17	19	19	6	3	35	25	21	22	7	10	32	13	8	9	8	32	41	22	19	29	1	17	25	5	31	3	7	19	17	22	4	1	10	7	11	2	21	34	2	10	24	4	
16	19	10	30	7	13	17	23	30	21	3	15	8	23	30	14	9	22	30	13	9	18	26	6	12	3	15	7	13	28	17	27	12	8	21	12	14	8	20	23	5	25	30	26	21	15	11	14	32	14	
1	25	30	34	10	5	26	25	24	19	4	17	15	25	33	34	7	24	15	19	12	23	28	12	23	27	19	9	19	6	10	28	37	4	17	25	6	11	21	24	20	27	27	36	20	16	36	23	17	31	
26	27	16	34	33	1	19	11	18	31	18	3	28	11	31	20	19	10	31	25	3	23	14	37	34	13	5	6	24	16	5	17	28	25	9	37	4	14	8	13	6	19	31	27	25	8	22	9	33	33	
7	27	16	31	8	11	27	35	28	28	15	7	20	30	22	10	5	3	30	20	29	32	4	27	32	36	28	35	21	5	30	14	41	3	16	4	3	38	7	10	20	16	4	25	15	44	10	19	19	22	
22	17	20	1	15	27	18	29	18	32	23	21	20	27	2	17	30	31	28	7	25	16	28	34	20	26	13	21	34	19	15	9	10	27	22	3	12	19	6	35	15	33	10	29	9	13	44	12	30	30	
3	36	33	29	21	11	6	24	1	32	22	20	6	21	15	4	22	20	28	14	11	4	27	22	26	9	30	20	32	28	30	25	36	47	27	45	16	32	6	21	20	17	37	18	7	16	31	30	11	36	
27	20	24	32	26	9	26	10	26	16	17	11	12	15	27	28	26	18	24	29	6	25	22	4	27	14	13	3	32	16	13	25	19	31	17	34	12	22	16	21	12	23	15	19	33	5	15	2	14	41	
11	6	25	33	6	27	7	18	36	32	12	10	9	34	17	42	23	20	28	9	28	5	30	34	9	28	2	21	30	19	31	27	28	16	18	34	1	23	27	24	9	30	26	31	32	2	34	1	30	35	
30	14	43	15	35	1	11	6	16	28	15	25	30	31	24	20	16	27	41	20	25	33	29	32	10	26	27	38	21	1	34	14	38	23	9	39	26	11	13	10	13	11	28	2	12	37	28	19	3	32	
22	3	18	28	17	17	18	29	37	30	2	18	4	38	5	8	10	25	26	13	24	16	18	25	13	30	13	27	18	26	9	23	10	4	18	24	5	26	22	19	20	25	36	5	28	13	29	12	28	39	
31	3	11	31	9	7	20	17	24	10	6	9	24	17	3	6	23	16	18	24	9	24	20	6	23	19	11	1	18	22	11	23	19	25	15	13	10	20	8	19	12	25	6	32	28	14	4	15	20	4	
3	12	14	26	8	29	27	18	23	6	10	17	11	9	2	24	7	20	2	17	15	25	15	8	20	22	23	32	4	23	29	9	24	14	11	8	16	17	8	5	32	11	22	5	14	25	27	14	4	9	
7	5	25	39	12	15	13	4	2	7	18	16	15	25	23	23	28	7	31	15	17	4	20	33	15	21	8	9	9	25	7	31	5	7	23	27	7	28	21	27	15	32	7	30	38	4	32	1	4	5	
18	11	30	12	7	21	14	24	28	5	15	21	10	16	19	17	6	31	1	20	12	16	29	7	19	29	13	32	21	5	34	14	10	27	16	24	5	7	7	10	20	3	28	7	2	13	29	6	3	11	
31	35	32	20	31	33	22	27	17	17	4	31	41	25	42	20	5	27	32	11	20	30	28	30	41	25	17	45	10	29	23	3	31	25	5	28	15	27	2	6	34	5	17	27	24	34	21	8	22	40	
15	10	29	7	10	6	11	22	24	16	11	1	13	32	21	26	12	24	22	13	14	9	25	28	2	10	6	25	17	23	29	10	3	5	12	10	5	10	9	6	2	12	24	34	14	6	23	5	24	35	
24	15	28	29	19	13	20	1	26	26	13	15	22	17	14	11	14	13	27	20	15	8	26	1	22	5	15	7	19	12	17	12	12	29	14	3	14	26	11	8	18	14	26	30	24	15	30	14	14	34	
15	10	25	37	4	21	11	22	35	36	16	14	13	9	21	38	27	24	32	13	20	9	30	38	13	32	6	15	14	23	25	31	3	20	10	16	5	15	11	28	13	9	25	9	1	6	13	2	23	7	
17	6	27	2	12	8	13	12	2	23	18	4	15	16	22	35	23	12	30	9	27	11	36	36	15	26	8	26	34	10	32	9	5	7	24	5	7	3	28	30	15	36	10	3	10	8	14	7	17	28	
21	16	35	39	16	14	17	28	39	21	22	20	16	21	8	26	29	4	38	19	25	15	24	32	17	33	12	17	17	6	27	12	9	10	6	1	11	18	26	23	19	1	1	40	3	12	41	11	3	9	
13	8	27	25	8	15	9	2	17	13	14	12	1	8	3	33	14	22	9	11	17	7	15	15	11	5	4	9	14	5	9	20	1	18	20	11	3	23	15	16	11	21	16	15	34	4	26	3	11	37	
6	35	32	28	26	24	9	34	2	33	20	4	12	16	38	3	14	31	34	17	26	35	19	22	25	16	25	18	25	13	28	8	40	31	32	4	27	25	8	27	25	31	13	3	26	31	3	8	31	19	
2	4	1	15	20	27	21	25	43	22	26	24	23	19	23	29	23	34	19	20	23	19	39	25	23	39	16	35	21	17	37	10	13	28	5	16	15	33	25	25	3	19	21	23	22	16	22	15	21	26	
28	27	29	23	23	3	18	33	25	21	12	33	19	29	33	28	13	33	17	12	26	33	3	6	6	31	25	38	18	36	31	11	30	33	4	20	23	7	10	7	28	13	22	24	32	25	15	16	14	6	
11	30	6	27	26	23	3	25	24	11	11	11	27	25	40	27	12	26	20	18	25	11	27	26	9	13	16	17	9	28	27	10	38	16	11	27	22	25	9	6	6	12	24	27	4	21	23	15	15	17	
M10
15	17	16	33	11	12	5	18	11	19	12	16	19	19	21	27	24	23	15	24	30	22	10	19	30	17	20	11	20	8	4	8	17	13	33	14	9	25	27	15	4	11	37	12	19	19	25	2	1	18	
17	9	29	10	14	20	14	15	8	24	9	12	10	24	16	30	20	17	7	13	11	18	14	11	22	17	20	16	16	31	13	10	24	3	10	8	15	25	31	2	21	21	29	11	18	11	2	30	21	1	
36	25	15	16	42	29	45	29	3	23	11	33	6	29	5	23	32	21	25	33	26	11	26	29	1	39	26	32	12	14	40	33	29	18	15	29	17	20	27	37	39	11	3	34	18	29	37	33	35	13	
16	11	15	12	14	11	3	17	10	8	11	18	12	26	22	1	7	22	9	1	13	21	10	13	24	21	29	19	18	26	20	12	3	12	3	13	8	24	12	11	3	10	14	13	1	13	4	12	17	12	
21	10	9	17	15	16	21	12	9	23	15	33	17	11	2	21	27	4	14	18	18	24	21	18	26	17	14	22	1	19	23	15	28	24	11	25	20	32	31	28	15	14	13	14	10	18	9	24	14	17	
19	17	3	38	8	7	25	27	19	1	24	20	1	24	8	28	36	5	42	32	12	19	32	15	20	17	25	14	2	34	20	28	23	19	15	26	21	24	9	39	16	13	31	9	16	25	37	25	39	1	
33	7	20	18	21	11	27	2	17	12	6	25	16	16	12	32	28	12	6	13	8	18	7	7	12	27	14	21	15	1	27	14	11	5	29	19	24	2	15	14	20	13	28	26	17	10	34	15	15	5	
25	19	21	39	11	21	20	27	29	11	21	46	6	6	2	36	27	2	36	3	7	36	6	27	6	35	4	29	28	21	28	15	9	13	38	9	18	14	28	29	13	20	25	26	9	5	31	14	5	28	
16	13	13	4	18	15	5	21	28	22	15	13	22	23	29	6	27	4	11	19	1	23	18	15	10	12	33	14	20	37	24	19	14	16	35	17	12	28	22	36	7	14	33	24	31	15	28	16	30	13	
11	10	1	36	16	14	38	20	19	21	13	33	21	5	22	35	25	25	34	28	11	19	4	26	34	12	32	17	19	10	9	20	14	9	35	23	27	5	25	22	29	16	24	29	20	4	29	18	20	21	
14	3	17	2	15	21	22	21	14	17	21	10	18	8	13	23	23	27	1	26	22	2	8	5	5	24	20	11	10	7	15	9	10	14	31	3	20	19	13	31	15	22	2	4	11	5	29	6	16	4	
16	1	15	3	14	11	8	17	24	18	11	37	18	31	25	26	2	22	29	23	27	35	16	17	23	12	25	8	13	21	20	4	29	12	32	13	5	21	18	1	3	10	38	26	33	1	24	12	8	18	
20	18	6	23	22	27	20	3	20	22	21	24	17	3	2	29	33	7	20	14	17	9	17	24	17	35	15	3	2	18	21	23	20	8	23	20	7	25	21	26	24	24	7	10	17	16	15	18	16	23	
6	20	16	24	35	27	24	22	29	34	36	39	28	9	22	22	27	32	45	26	1	18	36	8	20	25	34	28	35	2	9	17	26	28	31	5	14	29	42	10	38	40	6	42	39	12	44	42	35	25	
16	22	24	23	23	20	12	14	21	22	19	17	4	13	24	4	10	8	20	11	24	32	27	23	23	28	20	6	10	21	29	7	31	21	4	12	17	33	35	21	12	13	14	24	8	24	15	21	16	23	
20	12	4	13	29	20	2	33	11	12	1	23	11	22	7	5	23	26	10	8	14	22	17	9	5	20	9	37	19	34	13	13	23	24	13	18	4	28	7	22	24	24	9	14	8	14	5	5	24	13	
20	12	21	13	13	17	17	1	11	6	10	29	13	15	11	32	13	11	10	12	3	3	2	14	15	25	13	25	19	5	19	13	18	18	10	12	3	23	32	38	9	16	32	14	18	4	5	18	14	13	
20	6	3	31	15	1	25	21	21	8	15	14	8	31	15	35	23	12	4	6	12	16	11	8	19	11	32	21	9	16	25	9	15	26	20	22	23	6	16	23	18	17	26	16	11	8	23	8	21	7	
26	1	21	41	18	21	20	27	32	28	21	18	28	41	35	36	21	25	4	24	23	11	6	3	14	35	32	29	8	27	20	7	26	22	41	23	18	17	23	34	13	20	21	28	32	3	33	22	18	2	
16	7	18	9	15	11	13	14	7	18	11	25	5	17	14	29	19	22	6	25	8	18	4	10	5	21	26	18	15	12	21	9	10	15	2	16	11	2	24	19	6	13	28	10	17	9	1	15	17	9	
24	13	16	39	22	17	20	23	23	22	5	36	7	6	28	10	22	10	37	24	14	33	11	7	13	26	8	27	19	1	13	36	11	20	8	21	16	8	32	25	11	18	25	23	23	31	32	20	22	24	
20	23	13	18	15	4	33	8	27	11	33	30	11	22	18	3	15	15	21	19	10	29	22	25	9	27	1	24	6	22	30	29	25	29	14	1	31	30	19	11	26	23	7	19	25	11	21	13	21	11	
6	8	10	9	5	1	13	3	7	7	15	25	8	17	13	25	19	4	6	14	10	18	13	1	5	21	4	21	9	5	21	9	20	20	2	20	3	24	10	34	12	19	21	10	17	10	1	21	4	8	
21	8	30	12	29	23	38	10	22	10	23	10	24	2	20	15	32	20	20	21	16	22	23	23	24	28	22	34	2	17	23	2	23	22	35	20	11	14	27	25	31	25	11	12	19	11	42	27	7	23	
32	15	20	14	2	32	3	28	31	39	32	29	12	13	35	23	42	38	39	39	27	23	32	3	27	43	40	11	37	26	35	13	21	14	7	31	33	23	4	36	28	17	32	44	14	26	35	6	38	39	
21	6	13	28	18	4	27	16	16	11	1	12	11	11	18	15	1	15	25	12	7	21	10	25	30	26	1	21	12	11	22	15	10	21	25	19	23	1	19	18	26	12	23	11	1	5	20	14	4	11	
20	9	7	7	18	4	35	10	29	11	15	23	11	24	16	38	26	5	27	16	22	29	24	13	24	27	11	14	12	3	16	33	22	22	14	27	31	32	5	43	26	3	41	19	26	23	28	21	23	11	
6	17	18	23	8	28	22	29	31	10	28	7	33	17	2	11	8	27	30	19	16	22	8	1	42	44	41	14	3	27	28	10	28	26	33	35	11	19	27	15	33	11	27	34	27	15	25	32	18	29	
22	14	34	15	23	26	19	32	13	29	21	5	15	29	25	14	25	37	12	19	5	24	19	16	9	27	29	32	7	35	19	15	30	24	13	32	20	25	32	31	22	26	34	16	23	10	7	31	15	2	
17	14	19	28	21	16	12	24	24	13	9	4	23	18	26	11	2	27	31	19	15	14	13	8	15	2	18	29	2	4	30	2	18	29	34	22	24	9	25	26	32	2	37	19	2	30	40	22	2	23	
2	8	28	9	9	20	4	13	7	18	4	25	9	23	17	3	15	23	6	24	10	18	13	10	21	21	25	22	15	19	15	9	20	6	8	6	14	23	14	26	20	20	28	10	17	9	1	9	20	9	
17	9	29	10	16	21	14	35	8	18	4	5	10	24	20	15	20	6	7	32	11	19	14	11	22	22	5	31	16	6	22	10	25	21	10	28	14	25	15	30	21	3	29	11	18	11	2	12	21	10	
14	14	27	39	31	18	22	12	24	25	18	37	25	4	22	12	12	22	37	7	15	35	18	25	26	6	3	19	23	4	26	18	18	29	29	22	24	9	22	14	33	20	3	33	15	15	45	22	12	14	
16	14	12	11	18	23	22	32	16	19	23	26	6	20	15	25	34	4	25	22	12	6	29	22	10	37	22	32	31	21	8	25	12	16	9	23	7	36	15	42	36	19	4	6	1	22	20	22	18	7	
8	8	19	9	4	12	13	18	8	18	12	5	10	24	17	30	20	3	7	29	7	19	12	11	22	22	1	17	16	13	22	10	12	2	10	21	15	3	15	20	21	14	28	11	18	11	2	16	17	10	
3	8	19	9	21	18	13	33	7	4	15	21	9	16	6	20	19	28	6	9	10	9	13	10	12	21	2	7	15	30	8	9	13	11	9	18	14	24	29	20	20	20	28	1	4	10	1	21	10	9	
31	7	22	3	23	18	26	16	17	10	18	11	24	23	26	17	22	1	5	6	8	17	2	3	20	2	15	8	14	19	2	13	11	13	30	27	24	9	29	26	19	6	5	33	24	9	39	1	4	6	
31	2	15	28	20	6	37	12	12	13	6	32	13	26	17	27	42	17	42	23	3	28	6	26	26	22	24	17	11	7	30	35	6	18	27	15	19	5	21	14	28	8	42	21	12	25	37	10	12	13	
1	14	14	34	7	5	31	3	22	12	22	6	12	17	4	37	6	13	12	14	13	24	17	16	6	27	15	25	11	32	29	6	3	24	21	15	16	25	20	25	24	24	34	18	20	15	35	25	12	12	
22	14	28	15	26	26	8	7	13	6	21	14	15	15	17	14	25	7	12	18	16	24	19	16	19	14	19	26	3	30	12	2	1	26	15	24	20	29	13	38	26	20	26	16	23	3	7	29	10	15	
12	18	11	28	10	7	8	13	20	14	7	33	14	27	21	22	19	18	25	19	25	31	27	28	27	30	25	15	15	30	16	28	27	8	28	9	4	20	22	36	8	6	44	22	29	26	20	8	23	14	
14	20	13	30	12	9	10	4	10	16	9	10	16	17	6	19	14	9	27	15	3	5	18	30	18	29	15	17	17	12	18	27	21	6	30	11	6	22	3	36	1	8	21	24	21	1	22	10	17	16	
16	13	10	14	12	19	8	7	12	2	19	4	14	2	15	3	1	17	11	16	15	16	9	15	4	22	19	7	9	17	7	14	20	16	14	4	6	14	25	17	11	18	21	6	13	15	6	12	20	5	
5	3	13	34	26	12	33	35	5	8	12	15	19	10	4	14	30	23	35	18	24	5	18	31	38	35	11	22	20	25	6	14	9	5	22	12	30	25	23	31	25	23	29	27	2	11	30	34	40	19	
22	7	27	17	18	27	23	15	25	34	27	2	27	29	4	41	27	25	5	26	28	16	12	9	17	9	27	14	14	33	15	13	23	25	4	29	24	23	29	15	19	22	27	22	19	9	19	28	24	8	
13	3	14	13	13	10	11	16	11	13	10	20	13	18	12	22	10	21	1	19	13	4	8	5	16	25	19	11	10	5	14	7	16	11	13	12	7	7	13	24	2	4	22	3	10	5	5	11	17	4	
11	3	23	4	20	15	8	29	2	18	10	20	4	18	14	24	14	26	1	26	5	13	8	5	16	16	21	30	10	25	16	4	19	15	4	22	9	19	25	29	15	15	23	5	12	5	35	24	15	4	
1	3	12	32	8	23	22	29	33	11	5	4	30	13	37	31	1	16	1	11	12	13	8	5	16	26	7	9	10	8	10	9	25	24	23	24	20	19	23	1	15	22	16	30	11	5	35	8	11	4	
23	13	7	16	15	1	3	5	14	3	22	27	8	6	3	33	26	12	11	16	8	23	18	15	19	24	17	11	9	21	11	13	19	24	16	7	21	27	16	11	19	20	25	16	22	15	8	27	14	8	
9	18	1	16	31	20	3	28	22	25	22	32	27	20	21	31	39	31	24	33	19	16	22	4	1	5	5	26	19	1	22	18	22	16	14	29	16	13	9	18	20	4	34	12	19	9	41	16	28	27	
M11
29	11	39	32	2	26	29	18	19	23	12	26	37	29	4	18	14	23	31	34	34	36	28	23	29	33	20	43	20	38	31	29	14	23	28	1	17	23	18	30	35	37	13	38	8	18	6	25	13	18	
15	5	18	12	1	2	21	6	13	14	18	1	12	5	12	7	22	22	17	27	33	27	6	22	29	9	14	27	17	26	6	34	2	11	34	4	25	9	15	7	12	13	11	22	22	28	24	22	7	23	
14	19	19	21	7	3	33	8	12	6	22	10	16	6	11	8	26	19	22	19	1	19	27	24	16	31	26	19	8	25	9	24	14	12	28	16	14	18	16	6	21	22	13	24	23	16	20	13	8	30	
13	17	17	26	25	32	2	30	33	44	30	28	4	19	19	16	34	24	39	33	29	22	3	26	31	2	30	31	8	33	10	27	5	18	31	14	4	5	23	34	25	10	25	32	21	6	28	30	25	17	
7	6	20	15	4	38	7	10	13	26	21	4	15	20	15	17	23	25	13	37	12	27	21	1	31	19	5	28	11	16	9	26	18	16	26	26	28	12	7	10	15	16	14	28	25	7	4	11	16	3	
20	15	15	17	14	15	39	16	18	31	23	6	17	2	17	4	27	27	28	48	34	31	24	29	34	27	28	24	14	31	5	33	20	8	36	21	29	14	12	12	17	18	16	31	27	39	29	36	4	33	
13	27	1	20	26	16	11	19	4	20	1	9	20	19	19	21	13	7	27	45	23	35	26	12	16	21	21	31	29	23	14	42	23	14	35	7	4	17	25	15	20	21	15	6	23	6	22	20	21	17	
9	4	9	19	38	29	31	30	12	30	45	32	19	7	37	20	27	35	21	44	23	20	23	29	8	23	7	13	21	30	31	33	26	16	21	20	14	10	29	19	8	25	16	27	14	24	20	15	28	32	
30	13	15	25	24	9	31	18	28	29	18	16	23	12	27	14	36	37	10	23	1	24	10	13	19	18	31	24	24	14	1	36	30	18	27	19	20	24	22	22	25	10	26	9	16	35	26	37	14	16	
8	32	17	23	21	38	20	28	11	25	3	18	29	22	9	19	6	25	21	31	28	35	23	15	25	18	11	29	11	36	23	36	25	23	26	22	35	26	27	17	16	30	13	34	33	47	24	19	27	15	
22	17	4	18	16	1	25	18	20	13	25	8	19	4	19	6	17	29	15	33	17	14	23	14	9	25	13	7	8	17	7	8	1	6	16	14	16	16	7	14	12	19	9	28	19	25	15	8	6	26	
10	17	28	7	24	30	29	6	8	40	13	32	7	21	7	14	17	17	18	43	33	22	23	20	24	37	24	36	16	21	1	29	10	8	29	24	20	4	12	2	7	8	6	21	17	37	19	32	8	28	
21	25	24	23	33	22	32	5	11	20	18	24	20	25	35	18	15	1	21	18	17	3	16	14	2	32	21	14	22	23	19	32	11	15	31	21	23	5	15	30	7	22	4	22	23	32	22	29	15	15	
12	7	26	24	32	34	14	15	10	26	7	13	17	21	14	24	24	34	4	31	7	29	25	22	19	32	16	26	1	23	18	10	12	10	28	2	8	21	8	4	1	25	11	15	21	32	21	13	14	26	
5	31	19	17	34	30	33	11	13	26	28	11	22	10	22	18	12	15	24	11	28	28	17	25	8	21	5	21	19	30	16	13	19	23	26	2	30	19	22	17	20	23	21	21	32	39	18	13	23	15	
1	27	38	17	34	23	26	16	18	27	23	6	17	19	17	15	4	10	20	8	13	30	27	30	13	21	34	35	6	3	11	33	20	18	14	34	30	14	9	12	17	18	16	25	18	15	29	36	18	13	
21	1	31	19	13	21	15	9	26	22	23	14	5	4	15	17	14	7	8	19	20	2	15	13	23	5	28	21	29	22	12	5	13	25	9	5	20	22	14	20	17	21	14	21	2	9	9	34	26	14	
6	17	21	8	18	10	17	2	5	9	3	17	5	13	28	15	16	8	34	34	2	26	17	10	3	31	15	31	13	8	4	32	16	19	29	32	36	25	13	23	16	29	24	38	8	37	15	23	15	38	
9	7	19	20	12	16	17	2	21	4	26	9	7	3	15	14	7	12	18	23	28	21	34	6	25	21	23	20	25	5	14	29	18	21	8	20	14	9	23	15	20	10	7	25	3	6	28	5	21	25	
4	23	23	19	6	7	3	24	3	22	31	14	25	10	6	12	10	34	26	31	21	10	23	18	1	23	7	31	21	23	13	6	21	16	14	17	37	20	20	20	22	22	24	19	11	33	11	15	12	22	
3	19	15	21	18	3	10	20	17	25	6	10	3	6	2	8	26	18	13	16	23	17	10	20	21	18	9	28	18	13	9	8	15	12	11	5	18	5	16	16	21	22	20	21	2	3	18	1	8	27	
9	13	25	23	24	9	41	26	15	18	30	16	27	12	27	5	2	33	36	21	34	17	3	1	12	33	17	34	24	36	15	19	1	18	30	25	27	24	2	22	6	9	24	9	30	27	27	25	14	2	
2	23	2	33	27	33	37	19	14	15	39	38	11	27	15	34	26	22	15	33	31	32	7	26	39	26	21	25	26	27	13	32	16	14	40	1	26	43	9	8	36	28	6	4	12	38	25	25	18	44	
11	12	24	14	37	29	22	18	4	7	6	30	24	11	22	15	7	5	21	31	20	26	18	6	22	18	2	26	16	23	23	6	23	21	9	11	33	38	4	15	17	20	22	15	26	9	7	10	23	25	
16	23	10	5	10	20	27	4	14	29	14	2	12	23	13	16	13	6	24	19	22	1	5	9	23	23	7	31	12	18	7	16	12	14	3	19	22	10	7	8	6	4	12	20	17	37	4	7	14	13	
4	10	23	9	24	18	8	20	4	28	1	10	10	13	21	14	26	5	14	4	1	25	17	29	16	17	1	25	9	9	15	27	9	20	4	21	34	18	26	16	16	20	13	24	27	31	14	9	6	31	
16	19	15	5	35	36	21	21	1	30	37	30	31	13	29	6	26	21	12	32	27	17	9	27	21	9	24	17	7	18	17	19	18	12	14	16	26	38	20	10	8	24	13	16	27	32	6	1	14	29	
20	24	23	13	19	20	12	23	9	14	30	13	24	21	24	14	13	18	2	25	4	1	10	12	16	12	1	14	2	26	18	14	7	20	22	1	3	21	13	18	13	19	21	20	6	12	2	9	22	13	
9	11	22	17	31	25	5	12	19	17	29	25	20	14	14	19	25	19	14	33	16	13	22	21	10	16	13	6	14	25	20	26	18	5	23	13	8	33	23	13	9	31	20	20	18	1	14	8	1	25	
17	14	32	28	28	29	12	8	15	32	10	30	27	14	21	15	2	9	25	36	25	10	23	17	26	5	33	29	15	28	1	39	13	15	2	24	19	32	19	9	25	29	16	10	26	8	26	41	16	22	
6	30	1	27	19	29	1	14	21	28	18	27	12	24	8	2	17	29	2	20	18	15	24	26	11	15	15	8	16	13	31	28	21	21	32	15	17	33	13	15	20	23	22	32	20	11	10	23	18	7	
27	32	18	27	31	16	43	26	28	9	29	16	26	19	17	6	37	27	38	17	7	31	25	4	10	42	26	30	23	9	21	16	30	25	29	24	26	24	17	22	23	8	26	17	25	40	26	28	21	11	
17	9	11	14	31	17	2	13	8	2	20	3	14	20	13	18	24	24	24	33	20	13	26	24	31	23	22	16	5	28	8	15	17	15	1	23	3	11	9	9	7	15	13	28	23	33	24	14	15	20	
7	4	28	18	32	26	4	28	14	22	24	21	32	26	25	19	4	15	4	23	17	14	22	25	15	19	6	7	15	25	20	27	20	10	20	14	16	29	26	23	17	32	26	8	19	23	15	14	27	26	
19	26	21	16	15	42	27	22	12	2	1	36	25	6	25	17	31	24	23	26	27	23	18	29	10	20	4	17	18	10	2	29	19	3	22	10	2	1	21	11	2	35	16	23	24	12	3	7	7	28	
21	28	31	18	23	22	6	17	18	15	22	7	2	6	18	22	22	19	11	33	13	10	19	21	25	2	10	3	11	32	12	20	16	19	31	10	10	15	4	13	18	11	17	19	15	21	11	18	19	21	
13	25	2	21	33	21	10	25	15	26	29	28	20	14	14	15	11	19	3	33	24	2	15	1	24	4	26	26	34	26	21	9	13	19	10	33	10	34	14	34	18	21	24	21	23	1	29	20	20	2	
28	2	16	1	29	30	13	18	19	1	38	23	34	29	33	24	23	23	12	32	14	11	4	19	26	16	11	4	12	29	26	24	17	26	9	2	13	31	8	20	4	22	11	22	16	22	12	19	18	23	
10	17	20	27	27	25	11	13	8	27	2	32	30	21	23	25	11	29	17	39	24	19	13	20	23	17	34	31	18	21	22	17	1	8	21	19	3	17	12	2	12	3	9	23	19	11	19	6	12	23	
3	10	27	21	23	47	24	6	1	34	27	25	27	14	16	37	15	35	11	36	27	35	16	13	31	38	27	34	13	14	30	38	3	1	30	34	13	33	5	21	34	36	2	16	12	37	12	35	5	41	
25	28	24	9	19	35	27	20	10	7	10	28	15	22	19	7	28	17	7	35	3	16	6	23	12	9	2	9	16	27	10	11	12	4	9	16	10	20	28	19	17	27	22	25	21	20	2	10	23	27	
31	26	8	12	12	10	24	13	23	36	9	17	28	13	28	15	28	38	24	32	21	21	21	29	9	34	23	16	3	38	16	21	15	19	9	4	6	23	1	23	3	22	27	38	25	21	6	31	15	8	
9	12	9	23	10	27	15	17	11	24	20	23	22	9	32	7	23	3	12	30	7	11	18	7	3	22	11	4	12	25	7	24	17	30	13	11	10	31	23	28	23	29	18	1	16	22	10	19	4	23	
13	21	5	14	33	18	33	15	12	23	4	23	20	4	25	20	26	2	22	21	18	21	8	18	19	17	31	42	24	23	20	6	14	11	10	36	8	29	7	6	32	22	9	27	23	31	23	24	16	25	
18	25	27	31	4	26	26	21	16	5	7	26	2	25	27	16	30	9	26	9	17	29	21	1	19	40	24	39	22	19	27	2	17	16	28	11	28	16	20	10	8	18	17	27	18	31	27	13	20	21	
6	28	33	9	34	31	32	13	19	30	17	33	8	2	2	22	25	7	22	35	23	21	30	9	15	4	14	14	22	23	9	32	27	7	27	21	23	40	14	31	29	27	12	15	11	32	17	22	18	33	
26	33	16	16	27	17	37	22	25	22	1	24	25	20	24	15	36	6	36	26	20	30	26	17	23	26	35	28	28	20	23	5	28	1	22	25	13	22	30	30	4	21	3	30	28	46	26	24	22	4	
2	24	1	36	37	22	7	17	25	28	43	29	29	25	15	6	12	45	17	31	26	3	16	13	7	33	27	33	25	4	3	11	14	25	2	2	19	37	15	19	19	22	26	7	36	40	36	35	27	15	
5	5	21	9	24	9	14	26	25	15	23	16	23	10	12	3	28	37	24	11	20	16	29	15	23	22	23	16	15	25	15	20	27	18	23	18	16	24	15	22	17	2	22	5	22	34	20	23	14	22	
9	24	24	18	21	8	6	17	4	35	6	7	18	10	18	13	27	28	14	39	28	15	28	26	23	17	25	18	18	32	1	38	21	17	13	24	27	15	4	13	18	19	9	12	26	36	8	30	13	27	
