50	4	1
4
	0	98	1	59	2	34	3	78
	0	14	1	93	2	13	3	27
	0	29	1	87	2	38	3	50
	0	94	1	19	2	89	3	86
	0	45	1	12	2	99	3	16
	0	96	1	53	2	13	3	88
	0	63	1	31	2	69	3	68
	0	2	1	3	2	8	3	16
	0	89	1	78	2	5	3	89
	0	6	1	36	2	25	3	69
	0	69	1	65	2	11	3	11
	0	66	1	27	2	88	3	22
	0	36	1	42	2	97	3	60
	0	55	1	8	2	51	3	64
	0	64	1	37	2	21	3	6
	0	10	1	20	2	42	3	60
	0	16	1	14	2	46	3	15
	0	80	1	60	2	18	3	92
	0	92	1	18	2	83	3	1
	0	81	1	35	2	10	3	14
	0	83	1	29	2	47	3	69
	0	41	1	8	2	78	3	98
	0	19	1	7	2	5	3	73
	0	54	1	51	2	57	3	88
	0	19	1	47	2	23	3	59
	0	25	1	93	2	8	3	49
	0	39	1	25	2	20	3	21
	0	27	1	72	2	71	3	15
	0	27	1	52	2	17	3	48
	0	44	1	82	2	10	3	41
	0	69	1	20	2	86	3	72
	0	25	1	26	2	68	3	52
	0	38	1	54	2	1	3	24
	0	33	1	64	2	11	3	93
	0	51	1	63	2	87	3	76
	0	96	1	66	2	86	3	80
	0	8	1	88	2	70	3	99
	0	55	1	57	2	63	3	48
	0	53	1	53	2	30	3	8
	0	14	1	71	2	90	3	5
	0	16	1	14	2	46	3	12
	0	94	1	1	2	43	3	76
	0	67	1	11	2	50	3	68
	0	78	1	45	2	70	3	60
	0	67	1	16	2	74	3	26
	0	64	1	62	2	52	3	72
	0	12	1	85	2	3	3	82
	0	12	1	16	2	41	3	100
	0	91	1	5	2	24	3	28
	0	99	1	31	2	18	3	53
SSD
M0
14	23	30	30	30	12	15	4	13	7	18	16	28	12	26	29	19	31	33	11	5	24	17	18	3	2	22	22	19	38	16	21	25	24	13	29	22	26	6	13	19	8	27	9	12	21	1	14	10	28	
27	17	34	8	31	15	31	45	20	23	2	29	31	31	23	20	29	31	6	34	31	13	8	16	19	19	20	18	17	36	20	27	16	26	23	13	7	22	6	21	5	34	24	32	27	26	20	31	36	35	
26	21	10	18	26	4	28	19	28	20	33	33	8	27	28	15	1	19	15	26	25	19	22	12	34	21	35	26	17	15	37	38	30	1	17	27	24	23	17	1	24	7	27	16	27	30	23	22	2	6	
26	35	30	27	47	11	26	27	1	42	24	38	8	33	13	36	9	22	13	32	8	23	30	40	10	17	14	13	10	9	27	21	35	18	26	35	26	31	11	27	34	21	20	30	35	8	19	22	14	11	
33	22	3	19	18	30	26	30	26	18	16	25	23	19	36	7	32	32	42	29	35	14	31	29	29	9	33	9	20	8	17	21	5	9	31	16	27	21	20	15	31	29	31	23	30	9	5	30	22	7	
28	2	40	10	37	31	25	29	30	39	18	13	20	27	32	30	37	23	15	36	28	29	22	4	35	6	17	11	6	14	36	39	11	2	21	29	23	28	22	5	21	11	31	2	37	7	33	15	35	17	
4	13	25	2	25	12	10	22	2	2	25	15	32	16	18	28	29	35	13	13	3	10	15	15	25	22	33	33	31	11	17	22	34	7	35	7	31	23	23	26	28	26	28	16	5	22	2	32	19	44	
8	17	26	24	34	6	25	31	7	36	12	22	22	23	20	23	13	25	37	5	4	18	23	12	41	33	16	16	23	32	29	19	19	27	16	31	28	22	36	7	13	2	32	22	6	33	35	8	4	23	
16	17	13	30	2	9	6	30	37	16	33	9	28	22	4	32	35	24	26	7	35	18	14	38	2	31	2	39	29	44	21	39	7	26	29	22	19	2	37	13	36	29	39	20	7	20	19	25	27	8	
15	20	17	32	17	37	2	34	15	7	20	7	24	16	37	20	28	37	20	5	14	16	7	42	17	18	25	25	24	48	38	22	26	26	27	16	30	15	15	41	27	36	25	8	20	22	34	38	14	37	
1	24	22	14	25	13	10	5	14	2	19	15	29	5	27	27	14	31	11	4	11	15	15	19	25	14	17	23	13	20	16	4	6	34	23	24	20	23	17	14	20	9	32	16	13	30	33	15	11	30	
17	27	16	31	30	24	22	37	23	32	40	5	21	7	30	19	36	6	14	24	11	1	40	23	2	7	39	33	22	22	1	11	6	14	28	41	29	18	35	36	37	7	1	31	15	10	20	5	8	3	
29	34	31	13	20	5	16	26	17	8	7	19	38	4	36	31	16	26	34	15	28	25	21	12	1	32	30	13	21	22	31	2	27	40	33	19	25	10	10	24	21	7	25	16	34	35	16	30	4	27	
21	30	33	7	21	22	14	14	23	18	28	31	18	23	20	23	11	22	5	7	14	25	25	20	14	17	32	19	2	14	27	32	29	21	28	29	20	19	13	19	2	18	21	5	22	13	33	8	11	23	
3	10	12	8	36	23	5	23	32	18	3	16	8	29	21	25	38	17	6	29	16	27	25	37	40	24	22	28	14	38	25	24	15	31	11	27	12	37	30	32	29	27	25	14	14	16	15	23	23	38	
24	9	26	2	1	13	11	29	21	3	22	16	6	25	31	23	20	22	29	14	23	4	16	21	26	22	16	22	3	37	23	31	14	10	18	25	10	24	19	11	28	12	34	17	17	29	13	36	23	7	
12	21	21	23	22	3	20	2	11	24	16	26	24	10	20	11	8	9	37	9	8	9	6	16	29	4	20	20	24	17	21	23	23	18	1	21	31	6	7	11	17	6	32	5	10	26	6	12	8	23	
15	28	25	33	6	38	10	30	23	2	10	12	31	15	21	28	30	22	11	13	22	24	9	15	18	10	16	4	28	13	16	30	25	34	32	5	38	17	23	16	35	23	22	16	8	30	39	40	22	38	
6	29	26	13	1	2	11	43	9	3	29	16	25	21	2	28	30	32	12	14	22	25	16	3	20	27	31	28	20	26	20	19	17	35	21	25	29	5	23	20	11	38	15	17	29	31	27	23	23	30	
14	16	26	21	20	20	18	35	11	20	32	25	14	16	24	16	20	33	2	16	22	29	17	19	43	24	6	5	18	30	33	15	11	29	9	19	24	15	6	23	6	24	25	29	5	27	18	1	3	16	
1	23	46	25	22	26	33	25	17	25	6	20	26	29	3	34	40	29	26	12	31	29	21	29	35	27	27	20	27	33	29	18	8	14	27	12	21	7	17	11	34	29	24	23	9	35	15	35	31	49	
12	11	28	26	17	5	16	9	13	17	23	23	6	23	22	14	24	25	11	16	15	8	30	22	22	13	14	21	8	13	14	10	10	20	17	4	1	22	11	11	24	11	37	24	17	30	14	8	15	8	
30	10	23	19	18	21	28	20	12	20	26	33	23	4	11	7	2	17	30	27	26	21	6	18	7	11	33	38	20	35	39	21	31	11	19	37	27	24	25	26	29	10	11	23	15	19	24	30	20	24	
12	30	21	37	29	1	38	11	16	47	25	11	35	29	21	34	26	34	1	18	17	29	8	3	34	38	29	29	1	44	36	18	6	21	28	41	32	12	19	20	23	15	38	13	1	34	23	21	17	34	
14	18	22	12	22	19	26	23	32	20	24	30	27	21	18	11	30	24	29	3	14	5	19	37	34	20	18	36	18	30	21	27	9	27	13	23	8	4	32	15	33	27	33	30	28	27	7	33	24	23	
24	21	27	21	13	22	25	14	22	22	21	7	15	19	3	9	29	18	32	21	16	23	35	27	41	15	24	14	21	14	24	29	20	29	6	19	11	7	37	23	29	2	9	24	22	38	18	24	8	26	
25	3	30	25	29	31	1	23	28	7	19	20	6	23	24	18	36	29	23	13	27	5	20	12	30	29	35	35	23	35	24	9	22	6	27	29	24	2	5	11	22	27	11	11	31	15	9	33	26	16	
6	20	9	25	24	26	34	39	44	26	36	38	22	8	22	13	39	33	36	12	36	27	36	20	34	28	20	24	26	5	29	40	17	3	8	36	21	38	15	15	22	3	38	30	25	40	20	38	15	8	
19	7	27	29	18	15	23	12	16	20	23	5	18	8	15	17	11	6	5	19	18	19	16	24	38	16	17	22	11	35	17	27	8	23	12	13	4	20	27	21	26	16	33	32	20	6	7	6	18	6	
23	17	35	17	16	28	10	30	36	18	33	1	1	28	10	5	22	32	33	17	31	19	31	33	38	30	14	7	1	28	6	34	8	17	16	34	25	28	25	26	11	2	5	15	32	32	14	34	31	22	
17	26	15	19	9	15	12	7	12	26	4	31	24	23	29	23	21	34	43	14	2	3	24	8	48	5	11	25	25	8	1	28	28	36	25	28	25	22	37	16	22	11	25	31	6	4	11	8	13	23	
22	12	12	27	11	9	16	32	30	13	16	9	28	20	13	15	30	26	10	12	5	17	26	23	23	14	15	16	12	1	15	12	4	21	18	17	2	9	4	13	7	33	4	27	22	28	15	20	28	20	
23	29	38	15	38	21	3	13	22	15	26	12	30	16	29	38	13	11	30	7	7	11	28	27	27	6	6	17	31	21	40	4	14	33	30	32	27	9	24	15	16	17	33	29	21	17	29	23	19	22	
19	6	21	25	2	25	5	29	9	26	17	38	22	16	24	13	11	1	13	27	27	27	23	24	16	31	39	27	12	1	39	4	31	7	28	12	27	15	9	34	18	29	22	20	25	31	33	6	9	21	
3	25	22	23	16	23	20	15	24	12	29	5	19	34	21	11	11	29	8	22	9	24	15	2	35	27	2	29	15	3	9	36	24	31	14	23	15	26	33	11	30	19	4	26	5	32	28	21	21	28	
21	15	24	22	29	11	25	42	30	21	31	27	24	23	23	18	28	29	26	3	8	20	23	11	29	17	14	7	15	37	18	38	14	24	21	20	5	20	29	27	17	22	15	13	25	20	18	8	22	23	
12	2	19	17	16	3	16	35	20	8	18	14	21	19	13	5	32	16	13	19	28	7	21	21	26	4	5	20	2	25	5	25	1	11	8	7	23	24	22	25	21	23	31	22	12	25	5	28	22	22	
14	23	32	20	2	8	31	4	13	29	18	16	18	10	19	22	8	14	36	11	10	24	24	18	8	27	18	18	19	38	6	25	20	21	19	19	15	8	21	3	1	2	1	18	12	22	11	14	2	2	
17	14	31	7	12	7	3	7	16	12	20	16	8	29	25	1	17	28	19	14	13	15	6	21	32	16	7	25	14	1	17	23	11	14	15	3	4	2	14	16	22	1	9	26	15	37	17	17	13	18	
20	6	33	3	41	18	32	10	19	36	22	34	1	29	13	33	25	4	26	17	16	23	7	11	33	19	28	26	2	37	34	26	29	6	2	32	27	9	26	19	9	14	12	1	18	21	19	20	16	35	
22	12	16	18	26	6	26	25	23	18	19	24	16	29	2	15	23	16	23	29	10	17	22	16	29	14	15	1	12	33	15	26	11	21	17	11	2	1	32	1	24	24	3	16	22	5	15	35	18	32	
29	4	28	11	1	29	7	34	22	20	20	13	43	2	34	31	25	11	24	10	26	1	26	9	35	12	1	28	21	32	6	6	25	32	34	1	18	33	13	33	16	30	14	34	11	37	20	27	8	32	
26	34	34	24	29	23	30	18	27	27	32	24	7	28	17	28	4	24	43	11	19	13	26	31	39	14	14	14	30	36	5	28	5	24	21	39	24	26	27	27	24	15	40	25	26	32	26	13	24	28	
24	2	26	20	8	22	11	14	16	3	18	1	24	1	1	8	20	40	22	14	6	22	16	6	2	10	31	27	21	17	30	31	2	28	12	1	21	20	22	23	21	18	31	10	16	31	26	12	13	6	
18	25	14	2	10	13	18	8	17	10	22	23	28	32	21	32	23	31	6	10	14	28	23	22	27	3	26	20	28	42	17	29	21	18	26	30	21	3	14	13	3	12	4	10	16	24	34	18	14	10	
23	33	35	30	36	20	4	18	23	35	2	35	26	23	9	25	1	3	21	25	24	26	23	1	20	3	22	9	21	34	8	29	22	35	18	5	23	23	24	27	25	22	35	22	26	13	9	10	24	25	
31	30	33	37	34	34	29	27	36	36	11	40	35	2	19	25	15	21	38	34	25	23	36	37	45	8	21	31	36	34	3	8	20	45	27	26	32	17	14	31	14	31	14	32	13	8	19	19	5	34	
1	22	13	15	14	7	5	22	31	16	23	20	4	3	34	3	21	20	37	27	9	17	29	6	37	16	29	35	5	17	34	34	16	16	11	36	21	2	18	24	20	11	29	30	30	29	19	8	23	3	
22	12	29	15	25	13	26	26	17	18	10	22	22	9	23	15	23	5	9	29	28	17	2	31	28	10	15	30	12	27	15	1	11	21	5	17	2	21	28	35	31	30	16	32	22	30	15	36	23	27	
35	8	33	30	38	31	38	41	3	30	24	31	32	31	19	27	23	43	20	5	11	30	30	29	6	7	33	15	16	38	26	37	29	22	26	12	20	19	28	28	11	8	30	26	6	32	17	22	30	3	
M1
24	20	38	19	20	4	14	24	15	24	26	15	20	1	18	28	3	21	16	11	34	22	15	22	17	24	18	1	40	24	12	1	10	28	17	15	18	29	21	28	28	21	29	16	25	29	24	24	9	31	
9	21	7	18	8	22	29	4	16	17	14	9	29	10	23	8	4	7	9	5	11	23	6	19	33	21	15	18	18	22	15	10	8	3	10	21	15	20	22	14	34	21	5	24	16	14	8	18	20	22	
2	9	17	17	7	11	28	3	11	16	10	8	16	9	25	7	7	29	3	5	21	24	14	18	15	6	20	20	11	10	12	9	6	2	9	8	14	2	21	25	24	3	7	16	7	13	20	20	5	28	
19	23	15	16	13	11	23	14	11	9	16	18	23	4	21	18	6	24	1	1	24	25	1	15	28	11	10	14	16	18	10	20	18	6	20	2	14	20	24	19	9	16	1	19	11	24	5	7	5	15	
8	11	15	19	12	6	20	8	7	3	18	13	20	1	15	12	2	21	13	1	7	5	15	14	25	16	5	18	16	22	1	14	10	12	14	18	10	2	2	8	20	13	5	16	25	3	16	16	1	19	
5	12	40	23	13	29	4	9	21	28	34	14	26	15	4	13	15	35	6	25	27	14	29	13	35	19	30	19	31	10	13	15	11	13	15	1	22	27	24	11	31	37	29	2	14	5	26	38	25	28	
21	24	28	27	1	16	17	21	20	16	15	26	27	14	17	25	7	2	26	1	20	7	28	18	20	29	18	31	29	28	14	24	23	25	19	24	10	15	8	10	33	26	18	29	13	16	10	29	14	21	
2	20	28	11	1	19	22	21	9	16	29	2	22	3	20	1	15	23	2	13	15	18	17	26	37	23	18	30	19	35	14	3	1	1	3	28	20	15	15	21	27	25	18	17	27	7	22	26	13	22	
8	20	33	17	6	2	23	3	12	21	10	8	28	9	17	7	3	29	8	19	21	20	23	7	30	25	22	14	22	24	18	9	7	7	9	20	2	20	20	26	25	22	23	18	15	13	27	1	19	13	
27	13	8	13	27	11	25	23	27	35	29	28	35	29	23	27	18	46	28	33	16	23	24	10	23	36	9	27	29	23	11	29	27	24	21	2	30	1	27	21	23	33	14	16	33	33	30	4	21	29	
10	27	31	19	4	17	10	5	17	2	18	10	9	11	11	8	18	31	10	17	23	6	10	11	2	19	10	16	27	10	17	11	9	9	11	13	11	7	11	20	12	16	3	20	14	15	26	28	17	20	
3	32	39	5	15	18	26	22	1	15	17	17	4	20	19	26	25	40	23	25	29	22	14	20	22	13	20	1	34	23	18	16	13	25	28	15	21	6	9	24	31	10	6	32	24	21	8	27	12	30	
25	30	35	22	8	12	36	20	12	18	22	25	28	17	27	24	22	3	10	21	20	25	7	19	30	21	16	23	32	27	13	7	21	13	26	23	15	22	2	22	21	18	10	4	17	23	21	19	6	23	
16	28	29	10	23	10	11	19	10	17	21	6	11	21	9	23	14	12	7	2	32	20	6	17	28	19	14	22	31	35	11	25	19	23	8	21	13	36	19	19	23	16	30	7	16	29	19	19	4	22	
3	24	25	16	18	10	28	14	10	4	16	19	26	13	21	18	22	32	13	23	8	28	1	17	16	17	10	15	26	21	4	8	18	18	12	21	13	18	23	6	23	16	24	28	11	24	12	19	4	17	
24	5	22	33	20	10	7	19	7	12	8	24	23	25	36	23	27	29	24	8	16	26	21	17	28	18	14	22	12	14	11	12	19	9	9	21	9	18	23	25	21	16	9	37	19	28	18	19	4	37	
23	3	30	16	3	12	33	23	22	16	27	16	18	16	15	27	12	34	23	16	22	5	13	26	38	10	20	25	31	7	16	29	25	17	23	3	4	17	4	12	33	28	12	16	23	18	28	13	16	19	
6	24	8	15	5	5	8	1	13	20	4	6	17	7	24	5	17	14	6	17	19	22	13	2	27	27	15	1	18	17	1	1	5	5	7	1	16	8	19	19	31	28	1	13	21	11	15	9	17	24	
2	27	34	20	11	22	29	14	26	4	20	8	26	20	4	2	23	38	19	24	8	9	17	19	36	27	17	18	34	15	24	12	18	18	11	8	31	15	25	15	7	24	5	34	27	24	2	31	24	23	
19	9	33	5	18	2	4	14	9	27	20	16	4	2	19	18	24	4	11	12	28	20	16	2	18	6	17	9	15	22	10	20	7	10	18	18	12	5	1	23	15	13	5	17	26	22	18	15	3	9	
14	19	8	5	6	13	6	15	13	21	2	16	23	19	11	19	13	35	20	19	5	22	25	20	31	22	4	30	1	32	14	21	19	19	21	24	16	20	20	18	13	19	19	24	17	10	22	19	7	25	
30	42	36	24	23	7	20	33	24	8	22	20	12	6	2	25	28	21	21	16	32	15	20	31	25	28	28	17	29	30	25	23	20	34	16	31	19	20	21	6	37	26	28	18	24	38	27	27	18	6	
11	16	37	8	10	16	26	6	16	4	8	11	21	8	13	10	14	27	5	18	24	20	19	23	20	11	2	9	18	31	2	12	10	10	12	13	19	24	24	27	21	8	27	23	3	16	18	25	10	9	
11	32	34	4	34	21	23	30	21	32	18	25	30	11	24	7	29	31	18	9	5	34	24	21	18	12	7	37	35	36	22	23	21	29	27	7	24	5	3	12	32	27	24	26	34	34	19	29	15	28	
8	10	43	22	24	21	16	20	21	17	22	25	19	12	19	7	28	32	19	22	38	34	7	28	31	6	16	23	27	21	16	21	3	6	11	23	24	24	19	21	34	22	36	27	17	16	30	20	15	23	
30	31	29	24	22	16	33	25	11	6	15	21	21	17	34	11	14	12	21	27	11	33	18	11	19	8	27	22	7	34	17	31	11	23	17	2	19	1	28	10	29	8	19	19	23	19	25	25	10	33	
25	27	23	21	7	6	5	20	11	19	10	11	16	20	20	4	21	13	16	20	9	23	14	5	15	4	3	23	27	4	8	13	6	14	21	8	4	21	21	9	12	3	24	25	24	17	20	4	5	28	
20	4	22	21	16	20	11	15	17	27	19	19	15	21	21	19	23	26	7	13	11	21	16	4	11	24	18	9	10	3	18	21	19	19	13	22	23	27	26	22	32	21	4	1	26	6	27	2	14	9	
9	4	36	2	12	13	20	22	13	21	20	27	29	25	16	20	26	6	22	22	17	21	22	10	31	11	29	21	18	30	14	28	7	20	18	23	8	23	26	28	18	19	22	3	5	23	5	22	7	29	
13	32	44	29	19	12	25	15	18	1	8	19	25	21	35	19	28	41	20	20	20	25	27	20	9	7	5	34	19	12	1	21	19	7	21	28	26	28	14	26	39	23	29	6	26	25	19	34	25	34	
20	25	28	19	2	15	4	15	4	17	14	20	4	7	19	19	16	26	6	11	2	9	9	12	19	10	4	13	24	20	3	16	10	19	1	12	18	16	16	5	20	7	8	22	11	17	11	24	9	13	
17	11	47	26	31	18	31	27	16	19	7	30	23	16	13	27	21	8	30	11	31	3	23	25	36	34	17	24	19	17	24	33	31	31	27	29	24	2	2	17	41	31	11	29	33	12	21	16	22	7	
25	3	30	35	28	11	43	24	18	14	4	21	36	24	15	22	25	25	29	5	35	16	21	36	32	16	16	31	22	36	30	27	17	15	30	28	36	4	36	1	9	33	22	37	29	26	18	35	35	25	
17	32	9	26	16	9	16	12	18	31	31	17	34	18	2	12	30	9	17	10	30	19	32	10	31	27	23	35	33	23	19	18	3	11	18	26	4	30	7	33	31	24	33	32	36	22	24	8	12	4	
14	19	18	23	13	8	34	9	21	20	31	14	34	15	25	13	5	25	14	10	2	18	17	26	37	29	26	27	29	16	10	15	13	13	15	22	22	23	7	18	29	31	25	26	1	18	34	26	19	22	
27	22	44	34	22	20	14	29	20	9	14	2	25	31	16	33	5	33	25	22	26	24	23	27	24	15	28	29	36	17	4	1	15	27	25	17	23	4	23	4	14	12	22	28	9	26	13	29	14	1	
30	17	41	17	22	16	29	25	16	24	15	14	21	18	3	26	8	10	18	19	22	27	19	23	20	9	25	6	11	5	10	5	11	23	26	9	19	5	2	26	29	8	21	30	18	13	25	25	10	2	
15	29	41	24	14	12	30	10	16	20	15	10	1	11	14	4	28	31	15	21	28	31	19	5	20	11	28	25	32	14	8	16	11	5	16	13	19	13	28	31	29	8	31	2	29	20	5	22	10	11	
19	22	7	28	9	14	36	14	10	22	13	19	19	18	29	18	20	6	19	22	28	24	17	21	17	9	26	26	36	11	15	20	9	18	6	11	17	23	23	5	4	6	14	18	9	20	23	23	8	5	
2	24	6	17	22	10	23	27	18	7	24	29	25	15	32	6	13	2	30	25	13	32	29	4	36	27	10	35	14	15	19	17	27	31	8	29	21	27	31	33	26	24	35	4	29	9	27	27	12	16	
7	19	33	16	6	24	23	2	14	21	12	7	27	8	19	6	2	28	7	18	16	13	11	24	38	26	12	27	24	17	19	8	6	6	8	19	20	7	20	26	32	26	23	20	6	12	27	29	18	2	
21	25	38	23	13	7	29	16	7	15	6	21	12	20	30	20	24	29	12	26	30	27	10	14	11	2	19	19	35	25	8	22	2	14	22	4	10	27	20	22	20	13	28	21	20	13	16	16	1	26	
10	15	36	16	9	6	27	5	17	12	4	9	29	11	21	9	8	31	10	14	12	26	1	3	28	19	10	2	24	6	10	11	9	9	11	7	26	14	23	7	29	16	26	25	11	15	16	33	18	17	
33	7	3	10	20	13	41	28	15	35	1	21	36	33	42	32	34	9	30	22	31	32	27	31	14	19	21	10	19	35	25	11	26	18	3	10	7	34	24	24	37	23	30	3	28	4	4	22	18	4	
11	25	34	10	19	16	29	15	13	13	14	19	21	15	11	19	10	8	14	25	31	1	2	9	29	15	11	10	15	25	11	21	18	19	17	15	9	6	28	15	12	17	8	18	5	25	21	32	17	15	
10	29	36	28	9	27	3	22	17	24	1	11	13	22	23	26	23	25	27	22	19	13	15	5	8	9	5	13	12	19	20	28	26	1	15	4	2	23	12	27	30	30	26	36	2	12	37	34	22	15	
24	26	35	1	17	31	22	19	11	29	29	15	15	15	23	23	26	7	14	21	18	27	21	10	31	31	12	27	12	5	11	13	23	6	14	22	13	23	10	25	29	36	14	30	31	29	10	27	25	35	
8	26	16	3	7	18	16	3	15	19	24	8	23	9	13	7	21	29	8	19	21	3	23	13	29	20	10	25	9	30	1	9	7	4	1	22	26	9	8	17	25	17	13	10	24	13	10	29	19	9	
15	19	32	24	14	1	26	10	1	23	14	15	17	16	33	14	18	23	15	26	24	25	18	8	19	10	26	18	32	33	2	16	10	14	16	12	4	28	14	16	14	7	29	28	19	20	10	10	9	30	
20	5	41	22	17	5	14	15	10	11	23	20	24	15	14	4	27	32	20	17	24	4	27	17	16	14	28	7	10	8	11	10	19	19	21	21	13	9	23	18	23	16	33	5	21	13	19	19	4	13	
M2
15	24	11	17	23	23	32	26	14	18	25	20	17	14	17	11	19	32	36	21	17	24	15	17	26	8	28	27	5	39	33	21	32	26	7	23	25	4	23	31	18	20	40	23	17	22	9	3	29	20	
21	37	8	36	9	39	34	27	21	8	24	18	2	15	18	29	25	22	1	31	19	20	19	31	33	31	26	6	1	38	27	25	32	24	15	23	17	4	19	2	2	8	10	39	24	20	33	6	9	2	
7	27	21	6	20	19	29	10	25	22	6	20	21	13	8	29	18	8	31	14	11	20	12	12	27	17	27	21	26	18	19	18	8	8	17	20	19	13	4	30	3	21	22	2	18	13	30	14	30	3	
7	33	18	14	18	16	22	16	30	19	25	4	19	10	30	26	16	5	6	20	8	6	10	9	25	31	31	23	24	18	1	16	5	14	14	18	8	11	32	38	29	18	5	3	25	31	25	2	9	36	
28	28	33	13	9	10	32	11	19	8	10	22	17	24	24	18	25	24	8	23	5	30	24	13	24	4	16	25	25	33	22	6	20	22	29	27	23	16	21	19	14	16	28	33	22	27	26	4	31	13	
21	38	40	26	28	12	13	31	24	19	14	29	29	5	2	43	12	31	8	16	12	21	20	30	27	29	6	24	2	35	18	26	28	27	20	28	4	34	20	18	31	8	18	10	25	21	24	6	46	22	
26	36	14	13	12	22	21	24	18	25	23	14	13	13	13	6	10	11	14	15	13	10	4	13	19	4	25	17	13	24	22	10	11	7	10	12	14	16	31	30	14	16	25	22	32	8	8	11	30	24	
21	9	30	10	13	27	19	25	21	13	24	15	14	21	32	26	11	5	17	28	33	32	5	6	18	12	18	18	19	38	11	11	34	30	11	8	11	22	8	24	22	24	25	22	35	29	25	20	12	24	
20	13	26	15	21	30	31	24	2	5	11	20	23	12	10	14	1	37	27	15	15	6	20	15	7	6	9	26	23	43	24	26	30	23	26	6	11	18	27	24	12	11	34	21	23	3	7	24	34	1	
17	13	15	11	15	13	1	19	31	9	26	14	8	7	24	29	13	7	22	26	5	32	7	6	22	22	28	20	21	15	15	13	2	11	11	15	17	8	25	28	28	15	16	18	29	4	16	8	28	28	
31	23	18	24	26	32	33	6	29	27	36	14	27	3	25	30	24	19	31	11	2	29	18	20	23	21	32	4	10	32	2	7	35	14	24	22	2	26	22	29	11	28	39	36	1	24	32	2	26	14	
27	20	1	22	24	37	5	21	2	12	18	25	1	9	17	21	4	25	19	11	22	13	24	22	8	13	16	26	6	35	25	20	37	25	25	13	18	25	20	31	1	9	19	28	8	10	14	5	2	8	
14	25	20	6	20	15	25	25	7	17	23	19	21	12	13	26	13	28	14	23	10	16	12	11	19	15	7	25	16	1	20	18	7	8	16	11	5	13	11	5	1	19	21	30	8	15	19	13	21	13	
15	7	28	26	24	27	24	18	30	28	1	26	22	5	18	31	4	12	4	23	14	13	19	15	10	17	40	16	1	13	14	3	40	26	20	15	13	24	19	22	10	4	22	15	7	20	17	14	29	13	
20	19	17	20	22	26	28	11	1	11	17	19	29	4	9	20	7	8	15	19	9	12	20	7	13	11	15	32	17	12	10	12	24	4	2	12	17	23	25	23	8	17	5	15	26	9	1	2	28	7	
36	43	34	25	22	5	10	30	41	7	13	12	24	14	20	17	21	21	24	31	26	7	15	35	1	29	16	28	20	35	15	21	34	27	21	10	20	38	16	1	35	26	36	25	14	18	28	24	28	25	
34	14	11	12	19	15	35	8	22	29	21	23	29	24	20	24	27	14	6	34	22	23	21	22	6	27	4	27	18	13	25	26	19	26	4	24	14	25	21	29	29	7	18	16	6	28	34	25	28	28	
13	19	30	16	23	35	3	2	24	23	2	19	12	9	20	23	8	15	27	5	11	14	15	2	17	16	17	15	22	33	15	5	24	19	21	18	15	28	9	34	20	15	25	29	14	13	19	15	8	22	
10	33	14	10	3	12	1	24	15	4	18	2	6	6	21	20	12	19	27	2	4	4	6	5	16	15	16	16	19	14	14	12	1	9	10	10	1	7	2	34	17	8	15	33	19	12	26	7	32	7	
26	27	33	12	11	25	20	21	9	19	22	4	12	25	15	17	9	32	32	19	3	20	3	12	4	3	23	16	7	24	21	9	20	4	9	11	13	15	25	29	5	15	30	24	7	17	21	18	29	7	
25	26	24	16	20	17	17	21	8	1	11	22	21	10	13	2	14	1	32	13	13	19	12	21	20	19	16	1	21	34	16	11	28	27	18	19	22	1	20	12	24	22	33	8	23	16	5	17	10	14	
12	42	17	8	17	15	23	30	26	18	28	14	4	9	7	34	15	35	30	7	7	6	9	8	6	20	4	15	23	17	6	15	4	13	13	17	19	10	28	14	22	14	3	27	1	9	29	10	18	24	
18	47	29	34	3	17	12	31	36	26	14	5	4	20	23	20	1	30	30	36	23	28	27	26	10	38	16	8	9	28	13	1	38	36	1	3	5	18	27	37	36	33	22	29	25	28	15	10	21	29	
11	25	26	28	21	28	11	15	8	18	24	13	5	25	20	27	14	10	27	23	7	12	13	3	11	19	22	18	27	22	31	19	42	23	9	16	7	21	3	31	25	24	40	25	27	16	20	23	16	14	
20	22	10	1	23	21	29	20	17	21	23	8	23	15	19	8	21	8	14	7	13	6	15	14	21	5	12	17	2	23	23	21	10	3	19	8	19	16	9	28	15	17	24	18	24	17	27	6	34	1	
27	35	33	1	16	16	20	27	30	22	43	26	29	19	12	6	24	34	35	16	22	26	29	1	12	5	29	42	18	42	37	35	29	10	19	31	26	4	33	18	2	4	26	25	33	37	14	20	40	32	
23	19	19	17	30	4	29	19	24	7	26	3	26	1	3	22	23	11	25	10	6	31	22	14	24	8	5	35	19	30	1	4	17	4	24	29	19	20	24	13	18	6	29	3	27	32	25	3	37	4	
30	10	8	17	32	5	5	19	35	31	2	23	6	10	13	33	6	32	19	24	13	21	24	10	23	24	13	17	20	24	15	20	28	27	10	15	15	27	29	25	4	26	27	16	14	21	5	15	21	25	
4	38	27	22	9	23	18	34	21	18	20	11	10	26	9	26	7	14	29	32	1	2	1	22	16	13	22	14	15	34	19	7	44	25	2	9	11	24	1	30	22	25	22	22	6	2	21	16	27	3	
22	25	13	11	28	4	30	16	23	33	12	32	37	22	12	18	29	17	3	18	25	25	29	13	24	4	22	27	15	33	22	20	25	3	27	25	19	16	28	15	14	8	35	27	4	24	24	22	10	29	
26	8	5	12	27	13	28	24	26	9	7	3	23	6	18	17	25	7	22	27	3	24	19	12	23	3	32	22	5	10	9	25	14	21	8	14	20	15	23	23	13	15	18	26	19	24	25	20	30	21	
24	35	33	3	9	23	12	35	41	26	20	11	10	25	29	26	5	15	34	37	15	29	1	6	7	29	17	14	15	21	19	7	20	29	7	9	11	24	31	39	28	33	28	35	13	19	21	11	4	22	
14	37	12	8	12	10	21	25	28	13	23	11	13	4	24	29	10	38	25	23	2	37	4	3	19	26	25	17	18	12	12	10	30	8	8	12	14	5	33	32	25	12	13	33	26	36	24	5	30	34	
26	18	19	8	24	22	33	6	9	19	25	18	25	12	5	28	15	19	17	4	14	20	16	15	18	17	8	29	21	24	24	22	11	18	20	14	5	16	14	27	19	24	25	22	21	17	21	8	26	15	
9	20	24	19	15	22	26	3	11	21	27	19	18	10	13	12	15	16	28	21	13	21	9	15	23	10	25	22	15	21	22	15	11	19	15	17	11	17	19	27	20	22	14	19	34	12	5	17	6	17	
6	21	32	1	14	28	23	20	3	13	3	11	15	13	18	14	5	19	35	23	13	7	6	11	1	14	17	18	20	29	14	12	33	11	12	14	16	11	24	21	20	19	5	17	15	11	15	16	5	9	
4	26	36	25	19	33	17	23	8	18	24	21	20	25	20	27	14	24	22	21	3	19	11	28	20	19	22	18	25	41	29	17	28	6	2	19	21	29	18	24	25	24	22	32	36	16	20	19	34	14	
21	15	20	16	7	18	29	18	21	21	25	15	21	8	11	19	13	9	7	16	10	1	12	11	21	29	11	25	10	20	20	10	7	1	3	20	17	5	10	22	14	18	8	17	25	13	3	13	18	5	
30	40	8	29	37	18	34	31	32	41	40	7	2	19	10	34	14	28	26	36	22	30	33	29	22	20	31	1	17	43	36	9	37	35	13	8	18	32	29	35	13	32	36	28	40	22	14	33	10	27	
13	16	12	7	28	24	13	22	9	19	25	23	22	10	13	5	15	33	24	11	13	20	20	3	10	20	23	23	2	11	36	26	28	21	21	20	25	32	20	27	16	25	12	19	8	17	5	34	31	12	
17	26	10	6	15	13	16	9	8	16	7	14	16	7	23	27	13	22	3	2	5	16	7	6	16	15	22	20	19	15	10	13	2	11	11	15	17	8	12	22	15	10	11	26	11	16	20	8	21	14	
33	30	6	8	24	7	27	26	12	22	11	17	25	25	12	24	18	6	15	3	7	2	16	24	17	16	26	26	20	2	24	22	24	10	10	23	24	5	29	27	18	10	36	30	16	20	24	1	1	18	
12	6	8	10	20	4	29	4	29	25	26	22	2	11	7	15	18	16	17	25	23	31	12	10	21	1	20	11	19	4	4	18	20	17	18	17	21	13	20	21	5	13	23	2	15	23	15	14	24	11	
9	20	17	13	17	5	11	3	8	18	24	16	18	9	1	22	10	7	20	16	7	6	9	8	20	15	22	20	20	17	17	15	4	13	4	17	19	10	19	18	16	17	18	28	31	16	20	10	23	14	
28	27	22	21	13	6	17	20	31	36	24	15	14	8	11	26	11	33	26	26	11	11	5	15	20	12	25	18	8	33	23	11	25	11	11	13	15	12	26	1	22	24	15	17	31	23	3	1	27	28	
26	8	8	15	21	22	12	11	10	5	25	23	22	16	24	6	16	24	4	16	14	21	13	11	1	6	3	17	22	24	24	17	11	8	17	21	1	11	8	23	16	18	25	26	33	12	16	17	16	16	
22	31	16	29	24	31	24	14	27	34	35	15	25	2	5	35	7	27	24	26	5	13	16	24	15	26	37	29	13	33	33	18	20	28	19	24	26	26	21	19	34	24	31	11	31	20	10	26	24	33	
8	22	22	20	19	22	25	21	24	9	4	21	20	16	25	14	11	4	3	23	14	23	11	15	5	33	15	11	9	24	12	17	11	20	17	14	17	17	27	29	26	18	11	25	12	28	28	4	1	2	
9	8	10	21	30	28	30	10	29	14	31	21	17	8	11	12	1	11	8	10	11	1	22	21	3	12	20	8	19	14	29	24	26	24	18	26	29	24	26	18	4	17	21	17	27	19	3	9	3	23	
1	17	33	23	24	33	40	21	4	14	4	6	4	15	5	10	10	34	24	11	12	15	24	11	16	15	9	19	7	38	7	22	26	4	24	11	11	6	23	9	21	19	23	30	16	12	16	5	26	7	
M3
14	24	28	22	6	25	3	9	30	11	12	29	27	13	4	16	22	35	6	10	10	18	16	6	16	8	22	24	1	14	15	10	8	15	12	23	26	14	14	16	11	8	24	18	3	13	17	11	13	24	
16	28	29	1	28	29	11	24	33	25	18	27	10	6	17	30	6	3	33	23	17	22	29	34	1	30	35	23	34	4	2	34	35	33	3	4	8	40	18	39	21	5	9	32	12	33	21	9	35	32	
32	17	33	15	26	7	2	27	2	20	25	22	37	12	15	22	31	44	15	4	12	10	12	20	27	17	30	21	5	13	26	19	17	33	21	1	28	23	19	25	21	8	24	27	20	33	20	22	29	23	
32	5	36	33	11	6	30	28	20	7	12	7	23	24	17	2	26	29	17	17	4	6	15	33	29	19	34	21	21	26	28	14	19	2	23	15	26	20	22	25	1	33	21	4	19	20	17	19	30	6	
21	24	20	38	3	25	3	7	20	7	27	39	22	17	4	25	14	29	22	29	9	14	16	25	16	20	22	27	20	31	15	26	9	27	28	25	6	17	28	32	13	34	33	9	34	17	17	11	6	4	
36	20	20	19	31	23	31	17	31	28	43	1	22	2	20	7	25	24	33	33	22	3	32	30	29	29	6	1	24	20	11	2	16	17	24	2	24	15	36	11	17	18	18	28	37	25	30	3	28	40	
36	17	21	17	31	3	4	28	7	11	33	20	22	30	20	14	39	1	23	14	27	14	20	19	4	5	37	1	27	20	10	20	5	17	19	27	38	16	7	28	7	18	27	16	30	25	6	27	7	5	
36	32	4	30	14	9	23	25	32	19	24	37	27	21	19	24	2	35	14	27	5	15	26	12	2	16	7	19	36	21	21	3	16	27	20	8	5	18	35	24	13	14	20	17	25	15	21	26	3	34	
4	19	4	6	29	24	32	22	16	7	4	14	11	9	18	2	18	26	2	18	6	14	30	5	7	4	33	3	17	11	8	2	3	2	8	19	6	10	9	12	16	20	25	14	34	19	16	25	16	11	
12	1	33	23	18	5	25	24	20	12	17	30	1	14	7	17	23	17	7	4	11	10	19	20	19	9	2	4	24	16	18	11	9	20	5	22	5	15	19	15	8	11	24	19	12	25	11	10	21	27	
9	23	21	26	14	24	21	11	31	11	33	31	4	16	3	24	3	25	25	28	19	20	15	33	15	23	21	1	10	20	14	24	19	14	31	35	3	27	24	35	12	18	10	19	26	4	1	10	7	20	
29	20	26	20	16	22	8	31	24	19	24	25	39	4	30	24	30	1	14	22	14	6	18	10	14	16	32	34	35	15	31	18	16	20	2	26	1	2	13	24	39	17	25	26	21	39	23	25	28	27	
35	32	22	23	29	11	26	35	36	22	36	2	15	28	18	35	40	4	34	28	25	29	8	15	24	9	1	35	32	35	8	20	27	20	8	20	25	20	31	27	27	1	26	21	10	1	18	19	38	18	
24	32	17	4	9	25	16	18	29	24	29	38	17	26	21	29	28	26	19	25	11	14	3	41	13	21	39	7	33	21	30	23	21	4	8	30	25	27	22	23	10	24	28	8	8	13	18	28	31	16	
11	14	31	32	5	15	12	11	22	2	29	31	25	7	2	15	18	30	19	19	23	31	6	24	6	21	12	17	11	28	5	16	21	17	25	34	27	22	25	27	3	24	23	30	35	12	7	1	18	14	
20	23	30	23	14	1	21	13	12	11	30	33	27	6	3	5	27	32	24	2	17	24	15	14	15	12	21	8	20	26	14	22	3	15	23	12	18	4	17	34	12	25	21	27	15	9	16	10	27	23	
30	30	28	22	8	8	27	8	20	10	27	29	18	19	13	9	19	26	17	10	1	12	25	23	25	19	27	2	26	4	24	14	15	15	21	32	29	20	20	25	1	19	21	17	8	17	4	20	14	28	
37	34	4	26	19	29	14	12	20	13	18	4	1	19	20	29	16	24	19	20	10	31	30	36	24	16	20	16	8	11	3	17	4	18	2	18	27	15	24	28	4	17	24	23	24	6	30	27	31	3	
29	17	31	15	28	21	29	21	23	4	9	22	24	6	23	9	15	28	8	31	3	11	32	41	16	1	30	21	22	8	16	3	1	25	5	16	23	7	28	9	31	19	30	11	38	24	15	30	13	40	
26	11	15	7	20	14	13	26	15	12	14	17	19	25	18	26	25	26	29	10	16	8	30	2	26	26	33	3	23	10	17	6	20	15	13	29	19	9	1	22	27	20	6	30	2	20	14	25	32	9	
17	30	34	26	30	30	13	21	34	1	33	36	38	2	22	31	7	12	38	5	2	25	18	21	34	16	38	22	3	11	26	25	7	17	8	43	2	23	20	41	23	39	19	10	21	21	17	29	15	28	
37	26	35	27	7	26	26	30	25	21	22	7	23	23	22	22	32	27	16	22	20	4	34	14	8	18	17	3	36	22	20	12	18	2	21	32	29	24	28	26	6	20	26	10	10	26	26	9	29	27	
18	21	13	31	3	8	19	18	29	9	12	23	15	14	1	7	25	30	20	10	5	25	3	24	13	9	19	21	18	29	12	23	3	24	4	22	23	28	15	15	10	12	29	2	26	19	14	8	25	11	
11	29	25	28	26	13	23	23	31	3	1	36	16	4	15	27	3	32	35	28	14	5	27	16	18	23	10	13	16	12	2	12	2	26	16	10	8	35	22	3	19	25	22	6	26	16	4	22	19	32	
12	10	27	15	12	17	14	35	31	33	31	15	3	23	25	29	23	17	28	17	4	20	25	33	35	13	12	6	18	8	9	25	23	13	13	12	28	21	32	5	12	23	16	5	8	30	15	23	16	31	
17	24	28	1	10	18	21	23	34	17	22	1	30	16	21	17	10	9	12	23	3	17	33	10	29	7	38	27	3	17	18	16	14	17	18	17	24	20	14	22	26	4	15	2	33	37	2	28	26	28	
32	14	12	27	35	17	25	39	14	6	21	29	26	20	35	32	35	15	22	6	16	7	18	18	2	24	26	16	11	30	12	7	24	4	9	12	28	16	21	5	6	27	4	12	22	22	33	24	17	29	
20	24	27	10	15	12	15	21	15	12	39	18	6	17	4	8	25	9	29	29	13	4	16	34	16	17	22	27	21	4	15	8	3	1	35	21	37	11	23	37	13	2	33	12	32	22	17	11	28	24	
21	24	28	22	15	25	22	21	32	12	35	3	24	17	4	25	28	6	25	23	29	10	16	17	9	26	10	27	21	15	15	7	27	27	26	35	24	8	14	35	13	31	33	37	6	22	7	11	28	24	
4	23	10	26	39	33	32	24	21	18	23	30	21	25	29	14	25	21	18	5	22	27	34	14	4	14	33	22	32	14	28	15	20	7	24	28	33	4	13	21	2	18	22	30	21	22	2	36	32	5	
4	13	17	19	26	28	38	29	23	14	31	19	1	27	20	31	23	33	21	12	25	31	31	6	26	9	3	24	4	22	9	13	14	18	15	27	41	24	3	20	5	34	6	33	28	5	22	18	16	14	
3	8	17	17	38	8	19	18	20	8	27	11	23	24	32	19	30	29	17	4	4	14	40	20	34	16	17	15	28	8	22	14	19	15	23	22	34	20	19	15	1	32	21	29	9	12	28	39	7	2	
21	13	17	19	3	14	22	12	5	14	32	21	25	15	13	29	30	24	22	8	24	25	7	24	25	24	8	6	22	22	24	19	24	18	15	12	12	16	3	22	6	22	26	28	24	26	26	20	16	17	
7	9	15	17	28	28	18	12	21	12	34	19	19	15	18	29	5	21	37	10	21	2	17	26	26	33	18	15	23	15	25	7	28	16	8	24	33	31	1	22	21	13	25	37	21	27	24	25	30	15	
4	11	15	17	29	21	9	34	4	12	34	19	6	25	18	34	40	12	24	10	22	2	30	26	26	22	30	22	23	10	18	21	26	16	13	18	34	9	1	11	8	27	4	36	4	27	31	25	32	15	
12	8	16	22	5	8	24	28	24	11	16	23	18	3	25	16	10	11	6	21	10	18	2	28	23	6	15	25	9	15	23	10	8	6	12	23	18	14	27	16	5	6	15	18	33	3	22	12	20	25	
6	27	28	25	6	13	9	25	24	19	16	33	12	24	11	26	2	1	21	4	18	18	23	20	23	23	22	19	28	12	22	18	23	19	27	2	28	19	17	29	5	5	24	20	20	25	12	18	28	26	
23	23	27	29	4	9	8	12	6	15	3	6	18	20	7	28	17	21	20	20	5	12	19	29	19	19	7	15	9	4	18	9	22	11	25	23	17	23	13	28	4	32	20	29	22	18	15	14	2	21	
26	2	6	8	20	25	27	25	12	3	29	10	18	16	9	30	33	32	34	1	24	23	21	17	17	35	27	13	14	11	20	21	27	7	4	20	33	24	5	13	18	30	16	40	17	27	22	16	33	6	
22	21	17	37	27	7	15	48	36	23	39	37	33	19	31	35	29	24	29	41	6	10	36	38	39	17	16	12	8	31	2	24	25	28	8	2	18	37	32	13	40	17	37	39	42	20	25	38	17	46	
34	20	24	20	33	24	31	21	7	9	14	16	10	11	27	14	20	16	4	4	8	16	37	20	21	6	29	8	18	13	19	1	6	2	10	19	28	7	10	12	3	24	8	16	20	8	20	34	18	24	
18	15	11	27	12	10	19	18	16	9	28	36	9	14	1	22	25	21	18	6	15	22	13	14	13	20	19	3	18	22	12	15	20	3	13	1	34	13	21	28	10	20	26	30	22	1	14	8	13	20	
17	18	35	6	30	13	23	36	31	1	26	32	22	23	19	24	16	9	16	6	20	20	19	7	12	18	36	1	17	20	4	11	4	17	22	13	24	2	21	21	16	18	26	28	22	5	19	16	30	13	
12	34	19	31	2	8	16	11	29	25	12	39	26	19	22	29	6	12	38	31	15	9	34	14	5	3	34	6	4	25	9	3	14	17	36	35	15	28	24	32	22	8	9	13	29	23	19	22	5	5	
23	4	28	30	17	8	18	23	34	14	28	6	37	17	6	27	30	27	18	23	6	30	14	19	3	5	24	29	23	25	10	22	20	29	24	11	29	11	14	25	15	36	10	27	2	24	19	5	4	26	
17	22	26	28	26	19	29	32	10	23	26	30	4	27	23	30	22	27	20	14	20	24	13	6	35	22	19	25	22	20	16	17	20	21	22	16	32	12	12	9	32	21	2	32	18	10	36	28	30	6	
19	4	26	10	16	1	2	6	9	9	14	27	1	5	28	14	20	15	4	36	8	1	32	21	21	6	29	26	22	13	21	8	6	22	10	6	24	12	29	14	35	24	23	16	17	24	20	2	18	29	
31	24	3	20	7	35	1	10	34	25	11	7	26	8	24	6	25	22	33	23	31	35	36	21	4	15	33	23	32	33	35	29	22	5	10	31	17	30	14	35	20	14	4	18	33	26	20	31	29	10	
38	17	21	11	25	2	21	35	14	11	32	25	33	5	24	30	36	40	22	16	22	26	36	6	27	24	4	28	22	26	14	22	24	22	19	18	13	30	7	11	31	7	26	31	9	36	37	4	27	21	
21	13	20	11	13	3	21	23	26	17	1	24	8	9	15	36	15	30	26	15	12	16	27	31	20	23	14	13	14	25	8	10	28	17	4	8	15	9	6	1	18	23	22	31	31	16	13	22	9	20	
