50	8	1
8
	0	22	1	58	2	92	3	31	4	88	5	18	6	64	7	85
	0	45	1	17	2	87	3	87	4	51	5	85	6	47	7	34
	0	46	1	10	2	67	3	18	4	91	5	15	6	56	7	65
	0	32	1	69	2	87	3	14	4	88	5	21	6	98	7	5
	0	66	1	54	2	19	3	4	4	2	5	71	6	25	7	47
	0	20	1	100	2	8	3	9	4	27	5	31	6	85	7	99
	0	23	1	69	2	18	3	84	4	42	5	20	6	70	7	30
	0	13	1	99	2	82	3	76	4	54	5	59	6	70	7	27
	0	84	1	55	2	57	3	72	4	58	5	21	6	18	7	37
	0	38	1	80	2	66	3	47	4	78	5	78	6	43	7	25
	0	38	1	40	2	55	3	14	4	23	5	56	6	19	7	18
	0	51	1	82	2	40	3	76	4	34	5	82	6	15	7	56
	0	3	1	77	2	57	3	75	4	35	5	34	6	47	7	45
	0	28	1	71	2	12	3	43	4	82	5	92	6	25	7	5
	0	18	1	41	2	32	3	49	4	15	5	87	6	5	7	19
	0	74	1	36	2	14	3	53	4	6	5	54	6	36	7	84
	0	51	1	34	2	75	3	53	4	11	5	75	6	15	7	62
	0	16	1	90	2	2	3	37	4	17	5	38	6	35	7	29
	0	92	1	85	2	3	3	30	4	94	5	81	6	31	7	24
	0	10	1	74	2	57	3	49	4	48	5	41	6	35	7	1
	0	57	1	44	2	61	3	48	4	63	5	12	6	25	7	78
	0	32	1	53	2	86	3	70	4	60	5	83	6	74	7	87
	0	88	1	88	2	19	3	98	4	40	5	1	6	100	7	23
	0	87	1	14	2	21	3	4	4	38	5	10	6	16	7	98
	0	50	1	20	2	71	3	99	4	71	5	8	6	80	7	84
	0	3	1	74	2	19	3	82	4	90	5	92	6	47	7	70
	0	34	1	67	2	35	3	92	4	29	5	14	6	16	7	8
	0	34	1	70	2	61	3	58	4	53	5	26	6	82	7	65
	0	56	1	80	2	57	3	47	4	12	5	29	6	83	7	70
	0	58	1	69	2	54	3	14	4	86	5	31	6	57	7	68
	0	57	1	37	2	4	3	54	4	41	5	86	6	82	7	68
	0	78	1	59	2	29	3	53	4	73	5	53	6	35	7	93
	0	4	1	39	2	71	3	33	4	64	5	42	6	38	7	27
	0	24	1	55	2	43	3	6	4	25	5	64	6	6	7	73
	0	87	1	13	2	78	3	25	4	53	5	82	6	1	7	95
	0	49	1	96	2	78	3	29	4	76	5	59	6	80	7	72
	0	23	1	11	2	68	3	98	4	5	5	12	6	46	7	46
	0	30	1	46	2	41	3	100	4	85	5	58	6	97	7	75
	0	51	1	11	2	11	3	44	4	43	5	67	6	75	7	79
	0	73	1	96	2	62	3	26	4	38	5	8	6	19	7	94
	0	39	1	14	2	100	3	81	4	14	5	4	6	13	7	18
	0	4	1	59	2	99	3	36	4	45	5	79	6	35	7	65
	0	78	1	47	2	55	3	53	4	90	5	8	6	9	7	11
	0	79	1	75	2	34	3	85	4	40	5	67	6	56	7	49
	0	83	1	62	2	20	3	25	4	69	5	85	6	40	7	32
	0	74	1	8	2	72	3	54	4	83	5	92	6	21	7	32
	0	95	1	37	2	65	3	91	4	72	5	69	6	5	7	81
	0	95	1	49	2	46	3	47	4	58	5	100	6	93	7	27
	0	81	1	72	2	82	3	69	4	47	5	19	6	31	7	81
	0	68	1	10	2	12	3	95	4	76	5	62	6	60	7	68
SSD
M0
15	31	13	1	33	9	24	23	24	16	14	26	19	33	17	9	30	29	18	27	13	29	29	26	8	34	17	37	2	17	26	32	7	19	37	11	26	9	39	30	30	20	3	21	28	15	30	8	26	18	
21	10	15	6	8	20	21	17	3	5	12	19	3	5	9	31	7	38	3	18	28	13	19	19	17	28	33	3	13	4	31	12	23	5	3	18	9	16	31	41	33	10	29	9	9	14	16	20	8	30	
4	18	23	27	11	2	22	17	28	40	5	28	20	17	4	24	30	3	28	11	24	24	4	1	28	16	27	7	12	15	23	20	17	23	14	30	6	26	26	10	17	27	24	20	29	25	22	9	14	28	
25	17	22	15	25	28	7	10	21	24	19	26	10	15	16	26	27	37	38	27	24	12	12	12	1	31	33	26	1	9	32	13	30	25	8	1	20	1	37	34	29	3	7	10	7	9	13	24	9	28	
26	15	17	24	8	20	15	19	29	31	20	1	11	25	8	33	33	5	19	20	26	21	21	21	25	23	27	28	21	28	33	22	29	13	29	9	40	17	30	35	3	12	24	6	2	1	14	25	18	30	
15	15	3	29	9	5	32	10	20	48	29	30	27	42	17	27	27	16	32	44	24	19	30	27	37	43	6	34	17	37	21	30	33	3	8	8	32	21	17	1	10	29	32	33	29	12	35	18	35	28	
23	19	9	17	26	30	20	12	12	26	10	24	12	18	1	6	29	36	14	25	2	4	14	12	2	30	13	21	22	13	31	15	3	32	14	26	4	24	23	40	10	5	17	12	21	11	15	26	11	4	
7	13	1	18	28	22	27	13	24	27	6	7	4	19	9	12	8	40	21	21	1	9	15	4	17	33	10	11	14	20	34	30	10	28	27	19	31	9	18	16	19	6	9	10	36	15	16	1	12	6	
11	18	18	17	27	6	19	12	34	15	15	7	6	18	10	16	29	19	29	22	4	14	14	14	14	40	22	27	9	28	8	17	18	29	30	21	33	27	25	17	36	5	30	12	38	17	8	24	11	2	
14	5	8	14	18	26	19	18	17	16	9	2	14	19	15	15	10	2	13	2	30	24	2	24	7	3	12	14	6	12	15	19	2	22	19	24	23	23	19	33	16	15	27	20	3	8	12	26	21	27	
36	11	5	27	5	21	23	20	3	36	4	26	20	28	22	11	35	4	19	17	30	21	11	24	14	3	15	14	28	14	30	21	8	6	21	28	8	14	19	42	29	15	5	12	16	16	4	24	18	29	
19	2	11	30	28	23	4	4	5	28	12	5	17	22	23	17	18	4	16	24	2	26	27	21	10	32	15	25	23	15	10	21	5	10	11	18	26	26	35	15	25	18	13	23	3	8	23	18	16	7	
25	9	9	16	26	15	21	11	27	25	6	25	1	17	3	27	23	38	28	14	22	13	13	13	11	32	27	23	7	23	27	28	17	26	24	12	32	18	25	36	36	4	23	3	29	8	14	25	10	29	
32	16	16	3	12	22	28	18	30	18	13	32	4	24	10	34	30	17	35	21	16	7	4	12	18	39	34	21	14	18	12	34	24	17	7	19	31	3	32	37	38	11	2	10	36	15	21	32	17	30	
33	9	3	28	34	26	1	14	6	37	10	31	15	18	21	30	33	28	14	18	26	2	25	17	26	30	7	2	25	2	31	22	3	13	3	11	24	5	4	38	26	16	2	21	15	11	26	28	18	28	
24	32	19	23	21	37	23	29	30	23	20	22	25	14	31	18	15	48	10	5	4	35	2	30	35	29	19	38	33	11	18	3	13	40	22	40	9	16	20	44	31	26	18	24	39	21	16	3	32	3	
31	27	14	25	4	1	25	16	15	7	2	7	18	9	24	28	18	26	4	15	28	22	9	9	15	1	8	12	10	5	28	20	8	3	19	29	29	17	17	22	5	13	25	4	14	16	3	23	19	18	
29	13	4	20	8	15	3	15	27	29	10	21	1	21	7	17	27	17	15	12	23	15	13	11	9	20	21	25	11	27	25	1	21	4	28	14	30	7	29	23	23	8	12	7	30	12	3	29	14	9	
1	13	4	16	30	19	11	15	15	29	10	28	1	21	7	18	11	33	30	18	12	17	17	16	10	29	31	27	8	11	30	25	21	22	12	16	32	12	29	40	39	8	21	7	8	12	18	29	14	15	
9	28	11	8	6	28	8	31	15	19	25	7	17	36	23	3	43	42	22	31	33	33	25	33	23	17	28	23	25	28	3	39	18	45	7	32	35	31	33	40	16	24	28	23	30	13	1	39	18	22	
16	20	21	30	34	37	25	7	26	31	26	27	24	39	10	32	15	15	16	41	8	23	35	21	19	38	14	24	28	26	19	10	30	4	6	15	33	29	28	3	15	26	14	22	30	3	34	21	32	16	
28	17	17	17	25	23	27	19	28	33	1	26	5	7	11	22	9	29	19	9	30	2	10	20	5	36	27	7	15	27	22	10	17	34	26	6	32	26	33	38	4	12	8	6	26	9	20	16	13	6	
30	7	12	23	24	17	23	14	30	32	13	28	4	3	10	12	9	21	17	11	28	20	19	20	18	16	16	12	14	12	24	14	6	23	15	19	22	25	16	21	24	11	24	7	1	3	21	26	17	33	
21	27	11	20	20	29	22	1	22	10	6	21	18	26	23	17	22	16	17	4	15	23	14	2	31	8	24	18	10	3	15	16	15	36	11	17	21	22	24	30	21	20	23	20	21	11	7	15	26	20	
24	10	13	12	33	4	14	23	7	7	14	14	17	11	23	35	4	34	11	22	14	26	2	25	31	34	9	33	11	14	25	17	7	1	2	32	20	13	22	21	30	20	32	23	20	13	30	26	5	14	
30	23	10	21	25	32	21	16	11	30	11	28	16	22	22	24	33	22	15	11	24	18	5	18	30	16	14	8	26	14	24	28	4	25	15	31	25	17	13	41	23	9	21	16	10	12	6	20	15	35	
25	16	16	1	5	27	11	9	17	23	17	25	9	15	9	19	8	28	10	17	23	11	11	11	5	3	20	14	19	14	30	15	10	6	19	24	7	23	19	38	28	2	27	9	16	14	12	2	8	14	
24	39	9	38	30	41	26	19	8	24	26	24	27	12	33	19	14	10	26	22	25	28	27	16	11	29	17	33	19	42	23	27	36	30	11	40	30	33	25	16	34	34	38	8	29	2	23	3	10	33	
26	14	23	16	23	4	22	20	18	14	28	13	24	2	4	26	1	40	32	13	34	24	31	4	31	25	29	7	26	24	8	12	21	27	25	28	5	27	26	25	11	30	24	30	37	29	22	29	36	11	
3	15	10	26	1	15	33	23	35	37	18	13	9	29	15	34	32	37	11	26	34	16	10	25	23	21	8	19	19	26	39	36	28	23	25	23	43	18	33	36	7	16	28	6	16	19	3	33	22	13	
21	27	10	13	24	4	20	1	19	37	11	18	16	30	1	8	22	23	12	8	15	21	22	10	30	31	14	21	17	14	19	25	4	27	22	20	25	23	22	25	11	17	11	22	18	12	19	15	23	18	
8	29	29	19	9	25	17	28	3	42	30	32	27	38	19	28	8	30	34	15	18	11	24	18	7	16	8	27	32	33	25	41	23	28	32	14	44	6	5	25	35	28	12	23	29	31	15	38	21	41	
32	20	2	21	31	26	13	12	20	30	3	24	8	22	14	36	26	37	7	23	26	18	18	18	22	23	6	32	18	6	36	33	28	26	35	23	17	29	32	33	19	9	21	14	29	4	19	26	15	31	
21	28	20	2	32	34	25	7	28	43	7	5	16	36	22	15	28	9	25	22	16	26	17	24	18	38	24	8	26	24	35	3	14	29	36	31	8	29	35	30	37	23	29	22	2	22	8	1	29	5	
12	34	14	31	29	33	20	8	35	22	20	5	25	10	11	26	29	41	24	13	17	3	26	25	38	40	23	31	13	23	26	33	13	31	30	4	22	7	3	37	24	26	29	20	7	21	24	9	32	18	
3	17	17	24	4	23	27	19	5	32	1	1	5	15	11	17	14	30	6	16	30	21	21	8	6	34	28	14	15	11	29	8	25	27	2	20	2	21	30	10	26	12	28	11	19	16	18	33	18	8	
44	17	14	9	1	38	22	24	29	25	1	21	20	34	24	11	31	35	19	26	36	27	12	24	31	35	6	16	1	13	39	33	8	19	5	25	29	25	28	42	23	21	33	10	34	13	31	38	27	27	
18	20	25	26	15	17	2	27	28	26	6	38	27	2	4	29	28	40	24	27	27	24	24	8	6	47	15	24	35	8	40	8	25	25	20	33	29	17	11	27	6	20	22	27	18	8	30	6	17	26	
19	29	11	30	25	32	20	4	1	19	5	13	17	31	23	10	25	1	16	20	18	22	20	19	26	12	15	23	7	6	33	2	5	21	10	31	3	24	19	33	28	18	1	23	21	10	20	18	24	23	
34	21	4	19	17	32	34	14	24	15	23	30	14	20	20	3	31	35	9	24	14	5	16	16	25	10	27	21	24	1	5	31	17	17	14	4	19	9	26	14	6	7	17	10	23	7	8	26	13	22	
28	21	3	28	30	27	25	23	38	5	14	37	9	29	15	2	20	6	3	26	28	14	25	17	23	28	35	26	2	35	16	12	25	26	13	24	33	29	17	42	9	16	34	7	40	20	19	21	22	31	
23	10	15	8	18	21	27	3	33	17	12	19	3	9	9	28	20	30	33	20	17	5	5	5	17	38	26	19	13	20	25	20	23	32	30	18	24	24	30	32	28	10	22	3	35	8	6	17	2	22	
24	14	14	21	30	14	25	16	32	5	11	30	2	22	8	31	25	6	16	18	11	18	9	18	16	23	32	5	12	28	31	23	22	26	29	17	31	23	27	6	41	9	28	8	29	13	19	29	15	26	
32	8	3	34	16	23	31	12	38	44	16	32	26	24	30	7	14	16	25	39	2	14	28	29	4	41	23	36	36	24	10	21	14	36	19	8	26	4	16	3	37	23	10	29	4	15	25	20	29	29	
27	21	24	26	24	7	26	17	33	13	24	25	27	23	23	21	25	25	16	8	30	27	18	29	16	35	28	28	16	7	21	32	18	26	25	35	5	39	18	28	13	20	29	27	2	15	19	31	26	36	
13	6	22	15	25	25	34	10	40	24	19	1	10	16	16	12	27	37	26	27	24	12	12	12	24	32	33	26	19	27	13	23	30	18	37	11	31	31	18	21	27	3	29	10	42	15	13	24	9	29	
35	25	29	23	33	10	40	15	13	2	9	3	18	20	24	13	21	35	38	25	29	10	19	4	7	38	36	24	28	8	1	7	27	6	20	15	17	8	19	15	35	11	37	18	26	23	5	14	17	25	
23	24	20	7	32	8	23	17	23	31	14	33	17	23	23	29	2	20	25	19	14	4	6	19	29	9	24	20	27	24	12	14	14	31	12	20	35	29	25	29	23	10	33	17	19	22	4	31	16	8	
28	16	9	2	12	22	14	18	28	32	13	9	4	24	10	22	30	8	20	9	20	15	15	20	6	28	19	6	14	26	22	24	20	9	26	19	39	25	1	17	4	11	11	10	11	15	4	15	15	28	
17	25	13	29	9	31	12	14	30	14	14	16	13	14	19	5	10	5	18	30	28	4	24	26	27	16	17	27	7	17	20	22	7	16	34	28	6	28	27	35	30	17	32	19	27	15	10	28	18	1	
M1
36	23	20	21	14	11	33	27	27	7	32	29	14	15	15	21	11	21	9	20	16	1	34	36	20	25	28	12	3	25	33	22	13	16	23	19	18	45	36	26	22	29	24	20	10	10	20	23	12	1	
18	1	20	17	23	25	18	27	6	25	30	27	33	32	18	15	36	32	14	20	17	36	34	32	13	17	15	22	34	25	25	14	33	13	18	22	15	5	1	26	23	12	6	3	28	10	35	15	7	22	
37	23	26	15	9	31	19	31	15	21	23	2	18	15	15	20	10	23	5	25	14	30	35	22	31	22	20	12	39	39	30	22	13	16	26	20	18	34	6	13	3	12	24	1	27	26	5	21	30	1	
15	32	26	9	22	30	10	22	4	32	36	19	24	36	26	27	25	26	28	33	24	4	38	25	26	6	20	28	7	1	39	44	35	23	29	6	7	2	15	32	6	28	35	31	28	16	12	7	29	23	
41	25	25	7	17	27	9	37	41	22	25	20	17	37	7	30	28	20	25	10	25	3	24	30	1	27	27	12	11	42	28	12	3	12	12	19	22	32	41	16	35	1	9	4	10	27	40	32	10	35	
4	32	4	24	23	16	31	27	29	20	37	9	32	19	21	26	24	30	19	17	15	13	28	12	11	30	31	21	21	13	15	34	20	16	16	10	18	4	18	22	17	26	10	9	6	15	19	33	28	15	
41	6	22	25	18	19	31	31	17	25	21	34	22	19	33	4	19	18	35	14	29	29	14	1	24	2	8	16	21	3	31	9	17	20	4	26	22	9	23	30	9	8	19	22	9	14	37	9	27	5	
48	18	11	36	11	14	34	44	21	5	6	4	32	9	34	20	27	9	3	12	35	32	28	17	41	29	27	10	5	27	37	30	34	29	45	23	31	20	17	34	21	33	41	22	15	43	26	11	38	22	
38	27	27	14	29	13	15	27	27	21	33	3	21	1	27	35	41	26	26	14	36	13	36	44	29	9	29	9	11	1	14	16	28	23	37	31	7	4	15	6	40	29	32	31	8	24	8	30	37	16	
43	26	37	4	17	29	8	29	14	24	17	27	21	18	15	27	30	26	27	28	20	33	32	18	3	8	11	9	17	20	23	25	16	19	13	27	15	33	17	20	32	12	22	9	15	30	35	26	3	4	
15	2	5	30	15	20	34	29	25	12	33	17	33	30	26	26	25	38	20	33	29	16	1	37	32	30	28	27	27	22	4	33	28	24	37	27	28	18	14	28	18	27	25	16	18	29	20	24	26	16	
18	21	28	35	19	25	35	9	41	14	32	40	32	12	15	23	23	30	35	39	8	33	15	7	38	9	6	1	28	37	28	15	3	30	16	4	32	22	22	13	39	2	37	24	2	37	22	7	9	15	
3	25	29	7	16	14	31	33	29	23	6	11	20	17	10	28	37	10	12	27	15	13	10	25	32	28	3	14	19	31	32	2	15	17	28	6	20	21	36	32	6	18	19	28	14	35	17	25	33	3	
40	24	24	16	24	19	7	31	37	5	21	7	18	12	39	25	12	25	30	35	29	40	38	35	19	17	32	19	1	29	44	14	23	15	22	26	26	39	40	4	16	37	34	35	32	14	39	33	25	11	
47	17	33	17	1	3	8	34	40	31	38	18	9	26	18	34	15	17	30	13	48	2	30	14	33	33	36	29	19	11	23	7	42	21	36	23	6	15	35	6	37	33	6	18	16	23	20	6	19	30	
12	8	22	23	35	21	36	7	22	28	6	28	6	9	19	7	9	35	3	17	9	8	19	3	23	18	5	25	34	28	26	28	1	14	26	1	16	18	2	9	27	19	31	18	25	13	33	17	23	25	
28	27	21	29	22	22	34	16	15	2	11	12	20	19	18	22	25	19	14	7	22	35	23	7	21	17	15	13	4	4	9	16	21	13	24	1	15	11	1	27	30	18	2	17	29	11	4	16	1	9	
22	10	8	33	3	27	31	36	32	6	11	20	36	23	25	30	28	33	21	24	3	39	4	11	8	24	22	12	22	13	22	3	9	20	32	28	22	13	8	19	21	25	17	19	2	19	23	23	30	19	
33	20	16	26	11	21	32	7	10	26	3	23	23	20	34	21	25	28	25	30	30	28	6	48	36	29	11	17	12	28	3	27	8	9	20	33	23	13	25	22	29	21	23	27	29	38	31	20	44	6	
27	10	23	11	34	36	35	17	33	7	23	10	10	17	20	39	37	28	34	19	38	30	10	44	10	36	40	34	22	24	15	8	8	11	34	41	9	6	26	41	36	36	33	12	20	37	34	38	32	29	
1	21	25	41	15	8	37	35	15	32	15	19	38	35	43	8	31	24	31	33	22	9	14	41	28	16	34	15	15	41	30	25	33	4	34	4	7	19	37	6	35	34	14	32	41	26	12	21	36	21	
3	34	22	28	30	32	38	6	5	32	25	20	6	31	19	28	19	27	2	34	23	29	30	14	19	18	16	8	35	22	26	21	26	14	31	8	8	29	2	14	31	19	29	18	3	18	37	17	30	17	
13	17	25	16	25	12	33	8	16	37	1	28	42	9	2	6	31	4	20	21	24	24	20	31	25	23	21	5	6	6	20	16	5	18	13	11	21	28	7	22	19	8	25	13	26	15	31	17	3	25	
41	6	7	17	18	4	26	31	20	29	23	19	35	32	32	37	4	40	22	42	31	14	2	39	36	39	27	24	17	24	41	29	21	12	37	27	29	1	23	29	20	11	29	7	41	29	22	17	30	18	
20	34	28	28	24	6	14	35	37	18	9	22	21	24	37	9	7	18	4	19	19	32	26	20	16	6	19	22	4	28	17	40	40	9	4	11	11	11	32	31	41	30	11	6	5	18	21	19	2	28	
35	3	5	18	24	28	20	14	26	33	8	17	30	2	30	23	25	8	15	15	19	26	33	20	23	21	7	18	36	11	13	34	1	28	19	23	30	5	21	14	1	12	12	16	2	29	5	18	27	13	
5	25	1	1	14	38	30	12	26	27	34	5	29	26	26	1	21	14	16	20	25	23	25	27	31	11	18	21	13	28	30	23	24	18	3	25	2	1	17	24	14	18	35	12	38	25	16	5	34	12	
9	23	27	21	14	29	30	29	20	19	9	30	18	15	29	26	3	18	27	13	25	6	18	33	3	29	32	12	27	6	23	22	13	16	26	34	18	34	22	32	32	21	24	23	27	33	28	18	25	1	
29	6	6	31	25	37	18	6	29	20	30	18	34	24	27	2	21	39	15	22	20	26	33	21	24	22	25	28	1	30	3	37	29	14	41	36	25	28	11	14	19	28	29	17	9	32	19	26	2	17	
24	29	31	19	20	37	20	18	33	12	29	17	5	16	28	20	1	4	4	31	6	25	46	32	37	27	25	15	2	39	23	28	19	21	32	20	5	46	11	40	27	23	28	27	12	39	37	6	29	7	
31	2	28	12	15	14	8	36	25	28	1	15	24	1	25	30	28	24	21	18	29	27	26	10	10	17	22	28	27	6	31	3	35	20	10	31	9	23	8	8	37	25	25	21	35	19	33	20	15	23	
46	17	18	7	32	19	31	6	40	19	27	1	7	33	39	19	22	30	20	43	38	35	32	33	9	23	25	20	33	11	9	40	31	15	21	13	18	39	33	21	20	16	40	25	9	8	7	28	21	19	
37	7	3	28	21	18	19	8	2	1	28	9	31	28	21	14	4	25	17	32	2	20	9	34	13	11	18	7	33	18	1	7	1	16	16	6	15	9	4	19	15	21	30	9	21	3	18	19	4	14	
26	27	10	11	29	26	18	41	29	31	18	7	20	19	20	29	30	22	16	43	24	13	4	34	6	7	17	10	30	15	27	20	10	15	23	2	17	30	3	33	23	20	37	1	28	28	20	18	5	21	
43	17	48	29	7	28	24	42	40	29	29	18	31	12	31	21	5	1	48	26	22	17	9	36	34	10	2	5	4	43	14	35	26	22	13	40	14	13	35	26	32	18	20	22	35	44	42	11	18	14	
35	32	14	27	15	8	5	34	17	17	31	18	15	3	12	21	8	25	14	32	35	27	33	20	38	23	21	1	36	38	28	1	31	22	19	13	6	32	20	7	1	30	15	25	7	42	29	23	8	24	
45	18	32	30	15	35	19	17	23	14	39	1	48	19	38	25	25	8	34	15	42	10	30	35	21	16	42	14	44	34	40	26	48	5	38	37	34	30	30	41	33	16	29	38	43	25	42	45	21	37	
1	33	36	10	30	30	46	7	24	12	26	13	33	11	11	24	16	30	7	26	2	14	8	21	15	8	22	28	18	11	43	4	7	9	16	15	28	33	29	28	2	31	3	17	12	48	22	8	6	25	
47	30	9	31	28	20	33	31	15	28	42	15	37	21	6	15	29	22	2	29	10	24	28	20	35	5	3	13	22	41	13	40	21	1	29	23	3	35	25	32	18	6	43	5	43	28	24	4	35	20	
26	7	25	28	5	20	1	34	30	21	46	5	25	7	36	33	35	8	2	25	13	7	2	45	34	25	32	8	33	20	13	29	20	23	17	32	25	29	25	12	29	36	30	27	34	24	18	23	15	8	
20	17	26	24	22	14	30	20	26	29	16	11	26	23	34	34	22	31	12	33	33	33	18	5	39	8	6	20	22	40	33	30	21	24	34	43	19	17	19	12	35	15	32	19	35	36	21	31	31	9	
38	3	16	36	24	20	31	13	26	36	13	5	21	30	22	33	28	9	20	14	28	20	8	10	27	23	21	27	16	45	31	9	28	9	13	17	21	13	7	29	16	24	7	23	5	30	31	22	27	16	
28	12	18	14	22	7	8	25	14	27	41	5	15	23	37	4	4	19	2	2	5	23	11	4	17	10	10	6	22	23	41	10	21	18	31	15	2	19	30	12	31	17	32	25	18	38	33	31	2	9	
24	7	15	31	32	4	8	15	15	31	25	23	11	33	40	39	8	39	1	43	30	45	23	17	11	36	30	30	14	43	23	38	22	1	25	32	36	27	25	38	28	36	30	24	36	34	30	39	21	19	
19	2	23	31	35	30	2	44	25	18	39	28	30	33	21	1	25	27	21	18	36	20	27	12	32	9	34	18	22	23	1	12	38	32	24	5	34	23	20	3	36	31	25	22	38	29	38	29	3	34	
39	22	2	24	17	7	15	9	27	14	17	14	21	18	23	3	22	14	17	28	26	19	16	34	2	7	10	4	22	7	32	25	16	19	5	4	4	31	18	8	15	23	27	13	10	33	17	12	5	4	
23	23	21	18	8	6	29	32	11	1	34	2	3	1	30	2	9	23	2	9	32	25	14	23	34	26	24	3	26	6	36	21	32	16	31	18	4	20	25	29	4	31	17	32	1	40	6	17	27	27	
8	6	25	29	22	15	34	30	29	20	31	15	26	10	37	26	25	29	37	16	33	21	4	7	23	30	33	4	22	28	24	1	21	11	28	24	10	22	24	31	38	7	29	24	33	15	6	25	20	9	
17	25	14	11	24	19	27	4	39	26	28	26	15	6	1	15	26	26	16	5	38	31	25	32	14	15	21	16	34	7	44	37	12	30	17	16	16	15	30	20	13	18	27	14	12	4	29	24	17	16	
45	12	25	10	3	20	30	20	16	10	28	19	7	4	18	15	28	12	33	14	14	19	36	43	20	29	30	1	32	28	24	11	2	5	15	33	7	34	30	23	32	34	13	15	16	22	24	12	35	15	
M2
23	21	12	3	1	8	9	21	17	5	40	19	20	20	26	24	19	9	15	5	5	7	19	18	14	7	5	15	20	3	32	30	15	34	31	29	20	17	25	17	15	23	4	19	27	12	26	17	19	19	
5	19	23	4	27	28	15	16	37	3	20	16	3	2	19	20	12	22	8	33	16	13	2	15	12	33	3	4	20	1	10	27	1	23	27	41	13	25	24	5	17	5	33	2	4	20	18	29	11	26	
24	12	13	5	20	37	23	29	17	35	12	24	14	16	27	15	14	18	16	39	11	23	12	22	29	23	27	15	26	16	38	37	24	10	30	3	29	26	15	26	24	17	20	34	31	17	20	27	16	1	
11	20	6	30	18	36	23	18	7	14	18	18	10	16	6	12	20	3	16	5	15	22	21	13	12	19	14	4	23	13	23	28	9	20	19	5	18	6	4	11	9	17	8	17	22	6	34	16	33	1	
29	16	15	20	22	7	36	9	16	11	35	11	22	29	25	39	19	26	29	16	5	31	3	20	8	20	10	21	32	5	29	28	22	38	41	9	19	26	8	18	31	25	17	2	13	29	6	16	33	14	
26	5	19	5	22	22	25	23	1	14	29	12	22	18	13	30	22	36	18	1	15	20	6	5	14	5	22	6	19	18	28	26	8	24	32	19	4	13	26	14	22	19	25	3	13	19	15	1	32	3	
25	21	11	11	22	8	3	23	17	30	19	23	17	18	6	1	21	8	17	17	18	6	18	18	19	12	24	20	28	6	44	3	14	36	4	19	9	16	12	16	14	19	5	19	13	1	31	5	27	3	
24	36	4	8	9	35	29	20	36	39	11	4	1	16	27	26	20	40	16	14	18	41	31	14	30	31	31	29	14	7	32	3	24	34	22	28	28	3	35	12	31	28	32	3	11	12	27	35	21	19	
11	33	26	7	16	22	25	25	26	13	26	26	16	18	24	30	22	23	18	11	4	18	16	24	22	11	8	12	9	18	42	18	9	7	23	19	27	31	2	6	26	9	14	33	5	2	21	14	9	3	
3	15	35	17	7	33	25	26	18	30	16	2	22	13	18	18	11	36	7	29	1	20	7	24	3	4	2	17	16	7	6	22	10	21	15	10	16	5	11	29	17	2	29	25	6	7	19	23	22	3	
23	17	13	12	3	21	19	1	23	18	16	4	26	22	28	14	26	10	22	22	27	14	25	20	10	1	32	33	10	22	16	36	16	36	33	23	21	2	25	18	9	23	18	5	21	13	26	28	32	7	
34	30	15	34	30	49	33	13	21	19	9	2	6	26	2	19	25	12	26	26	34	12	31	14	23	4	30	7	31	26	25	34	18	39	31	3	17	20	22	20	11	27	25	14	24	15	29	11	14	11	
26	3	2	14	19	23	35	37	13	19	11	22	19	23	15	15	22	27	18	16	26	20	8	17	24	20	9	18	13	6	3	18	26	23	20	31	35	1	5	30	28	12	12	34	29	8	4	4	19	15	
32	8	30	30	13	24	1	2	25	14	20	32	36	30	25	20	28	27	24	29	32	25	25	37	12	22	36	20	10	5	22	22	30	15	23	31	28	13	26	35	3	36	24	34	32	20	6	21	38	22	
13	31	20	27	27	19	24	24	26	33	40	13	6	11	16	9	3	17	5	28	13	7	18	6	22	28	25	1	33	28	41	29	8	22	25	18	26	25	13	4	23	10	14	19	25	17	21	9	8	30	
28	21	15	4	27	29	19	24	3	26	19	27	27	10	31	1	24	12	20	34	18	2	3	3	15	23	14	5	21	27	29	21	18	29	35	38	22	19	13	20	18	33	1	32	2	15	28	12	22	22	
21	2	27	19	29	6	1	18	15	26	27	9	4	4	21	2	13	27	13	3	21	18	19	19	2	19	7	20	14	21	21	22	15	31	18	13	18	1	22	4	18	8	14	1	18	19	10	15	25	17	
36	16	1	31	28	41	34	13	30	38	40	13	28	21	39	13	17	16	28	20	31	20	30	8	9	29	26	32	18	19	37	25	4	28	23	41	42	6	14	6	4	25	11	18	25	1	30	26	40	29	
5	23	30	27	28	33	16	16	26	25	35	5	13	3	8	9	1	35	12	37	5	25	26	26	14	37	34	28	25	20	37	21	5	16	20	31	20	28	31	31	18	32	24	34	17	9	21	30	21	36	
24	31	20	25	33	35	26	3	16	32	29	18	25	13	18	7	2	17	16	39	11	23	24	2	24	5	12	3	15	11	25	37	2	33	26	45	15	7	25	25	23	6	19	9	21	20	30	5	28	33	
33	23	5	28	19	17	26	11	13	30	21	20	19	28	25	20	24	5	35	26	12	3	7	15	16	20	8	28	25	26	33	26	11	2	30	1	29	10	5	13	11	32	18	25	32	8	20	17	9	24	
33	24	31	5	18	16	2	19	11	38	25	33	18	31	26	21	29	28	25	15	12	11	30	29	23	16	21	14	25	26	15	14	1	25	24	33	10	9	23	5	9	35	25	12	33	19	2	19	31	23	
28	14	25	18	17	7	21	34	16	4	17	24	17	20	19	19	13	22	20	16	28	24	21	20	28	12	4	10	17	20	7	6	3	27	19	21	8	4	3	25	28	21	30	18	27	21	23	15	23	5	
36	23	14	25	22	36	10	26	23	9	24	9	22	34	23	24	22	11	29	33	37	31	16	3	22	23	12	22	24	29	14	14	17	34	22	27	29	9	8	6	17	9	16	20	11	12	30	3	11	31	
26	9	23	12	37	27	20	20	33	15	27	6	21	24	1	26	22	40	18	30	26	15	24	8	24	34	1	34	24	6	35	5	16	31	15	4	11	29	26	16	7	15	14	28	3	30	13	18	34	38	
24	35	21	30	9	35	16	10	17	12	31	17	19	22	20	12	20	38	16	35	15	27	29	29	17	17	17	25	14	6	46	36	1	35	13	23	1	29	5	6	22	29	27	19	1	28	6	8	39	28	
11	29	36	33	14	22	11	22	31	16	6	11	19	9	14	15	7	36	3	31	6	29	32	19	8	35	35	34	31	26	37	18	11	22	26	27	26	34	23	27	24	34	30	33	4	2	3	31	15	18	
16	12	10	14	28	1	4	17	10	23	13	21	31	3	15	15	22	7	18	4	24	20	15	2	17	14	26	15	13	20	3	23	13	1	20	28	13	15	23	15	12	1	20	12	6	10	6	10	19	12	
27	11	10	25	23	12	25	20	21	6	30	8	1	12	30	31	20	37	19	21	9	26	24	25	7	24	21	15	17	2	44	3	16	23	33	20	23	11	9	17	27	20	19	23	33	20	30	21	9	4	
20	5	31	17	14	4	16	24	13	26	39	14	10	10	25	26	18	38	14	13	22	30	18	12	14	17	31	18	13	27	29	31	19	9	24	29	16	25	36	26	20	29	33	15	18	26	27	13	38	13	
19	5	37	7	23	23	30	30	25	27	6	15	27	17	8	8	15	34	11	19	19	13	25	25	17	36	20	17	6	16	23	16	19	16	13	41	34	32	35	42	21	46	19	32	22	17	12	21	12	34	
25	12	32	13	14	27	32	18	19	8	17	25	9	19	7	29	21	29	17	36	25	39	5	19	4	36	23	34	10	19	31	30	18	7	11	33	6	8	27	36	17	17	35	29	25	29	26	31	12	17	
7	30	1	31	27	18	13	1	12	14	26	21	27	11	4	32	27	27	23	4	31	24	13	29	24	30	36	4	33	1	39	34	26	34	8	24	29	29	31	35	4	24	36	29	7	24	29	27	15	8	
12	23	8	17	11	24	32	20	7	27	30	20	32	19	37	18	24	5	26	27	9	16	11	15	16	22	5	31	25	1	37	32	11	25	2	39	11	12	18	13	11	30	18	25	32	8	11	30	12	35	
21	20	37	17	28	34	8	11	18	2	8	3	24	3	10	26	19	34	15	37	2	31	30	35	16	31	28	10	4	7	14	29	16	16	18	40	32	28	16	36	18	22	30	33	35	27	21	6	30	29	
25	12	12	14	30	11	32	33	17	21	13	22	18	19	1	5	19	31	18	13	26	18	22	22	16	24	27	24	11	23	3	23	26	7	13	8	9	28	32	27	4	3	14	11	21	24	14	20	3	22	
37	30	17	26	38	32	17	8	17	1	31	7	14	34	19	17	18	33	35	8	32	33	6	1	9	13	29	2	31	37	21	1	28	11	12	31	2	14	28	28	6	3	28	35	13	34	6	8	33	22	
6	19	8	23	25	10	31	20	3	32	33	13	26	18	31	20	24	5	26	14	18	27	24	11	15	23	33	24	4	25	44	22	11	33	30	18	13	13	21	6	11	8	18	5	19	8	5	19	23	15	
28	28	22	35	3	29	23	31	28	31	16	15	3	26	31	21	24	33	20	38	20	12	25	33	30	4	1	40	37	27	42	33	11	39	36	28	24	25	28	23	23	28	36	22	18	28	28	1	23	12	
13	8	14	15	10	2	24	24	11	24	37	13	21	11	1	17	9	27	5	11	9	30	11	15	22	15	7	16	1	26	28	29	3	16	28	27	14	13	33	8	26	27	32	13	23	17	7	11	15	11	
12	8	18	14	29	20	32	18	28	18	23	22	39	34	25	11	18	15	28	29	35	27	28	1	26	1	26	30	18	26	13	29	21	13	30	19	21	17	25	23	18	6	24	4	12	7	26	25	7	21	
4	16	28	34	4	30	24	12	1	34	24	13	21	17	7	21	11	25	17	39	25	24	16	5	31	10	17	18	17	17	23	8	25	36	22	17	6	7	25	32	31	8	14	3	30	5	23	29	4	2	
14	13	5	15	31	22	15	11	1	7	14	14	22	12	9	12	10	2	6	24	14	21	29	2	13	33	23	3	14	23	4	19	8	24	11	11	22	10	18	10	3	6	15	22	26	5	4	26	20	24	
7	25	5	15	36	28	2	22	36	17	13	15	23	13	18	19	11	7	7	29	15	26	10	17	18	32	24	37	27	14	32	17	10	26	24	33	29	9	23	15	13	34	16	27	27	10	29	17	31	23	
15	17	36	30	14	17	8	17	26	30	11	27	18	13	16	27	23	34	19	14	27	27	21	27	9	19	12	24	21	30	25	29	10	37	30	17	2	38	4	38	1	31	26	28	33	27	27	16	31	15	
21	24	35	17	29	14	6	15	6	10	9	21	29	4	8	17	1	32	13	13	21	27	24	27	18	7	21	28	26	19	22	27	4	27	1	13	26	29	21	11	19	38	29	25	27	25	20	12	18	25	
34	7	8	3	22	13	13	30	6	32	20	33	10	26	14	26	20	39	26	22	19	23	27	26	26	1	16	27	13	26	26	25	13	8	21	19	11	34	25	26	31	27	6	13	10	21	3	22	36	11	
10	19	13	8	26	6	21	21	15	28	33	10	4	8	13	14	6	22	2	10	10	26	20	19	2	6	35	20	30	11	38	26	10	21	17	23	18	27	30	15	23	23	29	17	22	14	25	13	23	7	
11	26	31	28	23	37	11	22	2	34	27	14	14	12	17	18	10	28	6	38	14	34	26	35	8	5	19	37	27	29	17	19	2	25	7	25	14	25	28	9	21	41	18	43	4	13	20	28	14	29	
11	23	20	33	7	33	10	17	11	29	14	11	7	3	14	15	7	21	3	26	11	10	8	9	20	10	23	34	25	3	34	27	11	22	17	4	26	26	11	29	18	4	30	21	23	4	21	23	27	31	
M3
29	23	31	21	27	32	21	43	19	17	9	37	22	3	26	33	22	3	38	20	27	17	15	31	21	6	27	15	3	29	28	8	23	7	7	36	29	39	11	24	42	11	29	43	39	18	35	34	14	16	
8	33	20	24	36	23	22	26	23	22	11	37	26	37	5	2	4	6	18	33	5	21	21	7	2	24	4	7	24	25	10	1	15	29	6	12	39	4	12	17	15	13	20	29	21	7	13	14	18	19	
18	11	24	1	19	27	16	7	25	8	18	29	22	15	20	29	40	42	21	33	17	11	13	33	40	17	33	29	1	14	15	25	6	36	41	28	10	35	9	11	20	3	25	38	33	1	18	26	11	27	
9	2	9	28	16	12	1	11	16	29	4	26	22	17	34	18	30	30	33	34	29	7	3	32	28	15	26	30	20	31	7	21	26	22	26	25	27	20	1	30	21	25	22	25	26	28	3	12	24	31	
40	29	35	21	18	5	19	16	16	17	35	6	2	31	14	41	24	35	26	14	9	32	25	25	17	33	43	35	32	28	36	19	8	34	19	5	34	26	30	10	47	13	2	18	10	16	31	3	27	18	
28	23	30	7	4	13	5	2	2	17	21	14	10	26	22	39	18	43	12	22	17	18	19	11	20	28	43	34	18	35	28	16	16	36	5	13	34	19	16	13	36	9	10	4	18	24	17	11	22	14	
32	3	35	41	43	30	30	27	18	29	41	10	18	15	27	6	21	38	37	33	38	1	4	14	23	30	25	29	36	32	39	19	11	22	11	8	29	22	19	12	41	2	32	36	28	33	2	21	3	26	
6	18	13	31	6	15	23	9	10	17	12	16	8	29	11	38	6	30	36	24	19	28	29	15	17	14	15	29	28	38	12	6	1	21	29	15	41	23	20	20	25	21	12	20	20	4	21	13	26	27	
33	23	31	22	26	30	21	34	2	29	33	23	14	11	4	13	20	2	19	13	20	5	28	14	20	19	38	15	30	2	5	19	38	32	2	26	4	22	19	25	32	11	28	31	23	8	20	14	25	21	
34	24	31	30	9	14	28	15	9	26	29	11	13	1	8	33	37	19	35	24	22	15	34	34	28	1	2	6	38	41	17	32	21	26	18	4	29	39	31	23	2	26	6	27	23	10	14	16	33	13	
6	20	19	16	30	29	3	40	16	13	23	24	15	12	39	12	12	12	35	17	31	14	12	28	18	14	24	12	2	13	9	12	8	4	19	37	26	36	1	21	29	34	23	25	16	14	31	29	11	13	
11	16	9	15	12	10	15	21	13	11	12	8	18	9	14	20	22	17	23	14	25	11	5	25	14	11	8	9	15	22	22	9	17	1	20	21	23	23	27	18	3	28	18	23	11	12	31	19	4	1	
10	39	29	25	8	9	21	18	20	29	5	18	14	13	7	31	15	3	28	12	18	5	31	29	4	22	42	23	21	30	28	9	20	23	11	10	1	27	20	1	21	5	14	17	22	15	32	15	30	21	
10	22	31	8	24	11	13	6	4	10	26	17	12	31	5	2	25	44	32	42	37	29	21	31	23	9	28	48	29	46	13	16	20	44	25	33	35	35	23	19	38	29	30	24	38	38	25	4	21	1	
17	12	13	30	18	14	9	8	9	19	23	28	24	21	15	38	33	1	31	36	4	41	2	32	30	23	7	3	26	32	2	13	18	41	5	27	2	32	35	10	45	32	24	27	14	18	38	25	38	6	
14	30	15	14	22	9	23	20	20	23	32	19	18	30	17	46	32	44	11	36	35	9	1	8	9	25	14	36	11	34	8	10	10	28	20	11	15	5	13	19	35	14	28	22	22	34	14	15	16	20	
25	9	25	2	32	28	4	5	32	21	15	23	34	23	30	2	9	17	20	17	7	4	19	21	39	2	15	12	11	2	23	20	12	33	2	26	25	29	3	32	7	27	9	23	29	1	19	28	22	17	
9	17	23	1	4	13	16	13	24	16	19	14	10	6	22	22	21	35	26	22	17	22	18	26	25	3	39	2	33	7	22	25	16	19	27	13	30	16	16	13	23	7	10	26	18	18	18	11	1	26	
1	40	18	34	35	38	22	16	15	33	8	30	23	26	43	34	1	34	32	39	18	36	34	30	8	6	39	34	7	35	31	6	15	26	36	42	16	32	23	9	6	4	19	27	38	1	36	27	33	11	
40	12	14	17	6	15	17	26	15	5	35	16	12	11	24	9	15	19	11	16	13	13	11	21	3	13	23	11	17	25	16	11	18	3	17	15	16	2	7	17	26	20	12	23	20	14	20	13	10	12	
8	14	29	14	17	26	26	25	1	6	13	5	23	12	23	27	17	25	25	33	30	19	24	10	34	27	12	7	29	12	9	15	29	20	40	17	15	18	15	16	23	2	23	32	24	14	10	17	4	18	
22	20	34	12	13	22	18	33	16	14	2	21	19	8	15	28	10	20	35	17	7	13	12	21	7	13	24	12	18	26	16	12	20	4	30	4	17	29	1	16	1	27	19	12	10	15	4	20	11	13	
19	13	33	33	35	22	22	5	8	11	33	1	36	36	8	18	30	3	13	32	19	29	3	6	25	23	36	33	2	44	34	11	3	30	36	3	25	7	11	15	23	12	28	28	20	4	12	13	17	15	
27	24	32	23	25	12	12	22	23	11	41	30	26	36	9	40	20	36	19	39	38	39	10	32	31	13	39	42	39	36	38	1	37	42	26	29	29	4	1	7	23	2	29	18	10	45	2	3	7	8	
15	26	13	21	18	5	18	16	16	31	31	28	24	17	20	9	32	30	7	28	6	5	33	25	34	40	3	40	32	24	29	30	3	49	19	12	41	33	15	16	18	7	22	15	19	20	1	25	26	10	
13	21	39	24	42	30	11	30	5	15	6	13	13	13	22	26	1	1	30	8	29	15	2	29	19	15	25	13	6	11	7	13	21	5	22	22	27	29	21	20	19	25	30	25	34	16	11	36	12	14	
34	5	34	23	21	8	20	14	19	19	14	31	27	33	16	34	11	7	27	24	9	35	18	4	27	21	21	12	9	19	11	9	33	32	22	4	2	12	9	15	31	10	27	21	18	37	10	3	15	16	
26	30	11	18	15	2	16	7	13	20	6	17	3	20	33	28	29	30	23	7	10	24	8	22	28	24	34	13	2	17	21	19	20	14	16	20	36	12	21	24	45	20	21	15	6	12	11	21	21	21	
10	13	20	29	4	13	11	19	15	24	23	14	10	11	22	1	19	32	21	22	17	26	24	32	25	26	21	24	16	28	9	24	16	16	27	13	38	28	37	18	34	11	10	3	18	22	38	11	3	23	
17	7	21	32	34	21	21	31	32	20	17	7	24	38	18	1	29	14	28	17	4	40	19	5	30	15	26	8	33	6	25	4	33	30	31	10	9	13	5	16	32	11	29	15	13	40	11	12	16	5	
3	6	29	37	17	26	18	17	12	14	43	16	23	12	22	30	18	14	31	17	28	14	4	28	17	11	1	12	18	26	14	12	4	4	30	26	8	36	2	4	4	34	23	25	31	15	34	9	11	6	
28	7	34	19	30	17	17	3	15	16	21	17	31	10	3	17	18	19	1	12	22	21	15	1	8	3	12	8	23	4	33	6	40	39	12	11	27	7	6	12	28	7	34	3	15	14	7	4	12	13	
35	15	38	15	16	18	11	20	28	6	33	26	22	32	7	38	1	34	28	34	19	3	19	5	14	22	3	45	4	23	20	10	28	40	17	25	14	2	10	16	28	11	22	27	19	33	4	9	16	17	
42	10	40	27	31	19	8	30	6	4	33	32	37	2	31	20	33	10	25	7	34	4	2	18	8	4	14	2	8	16	15	2	10	22	20	29	16	26	20	11	40	24	19	32	32	5	24	25	1	3	
14	26	33	10	36	36	15	35	13	28	28	33	20	12	3	19	3	15	10	12	37	22	8	21	23	28	38	26	16	24	20	2	34	18	17	37	22	29	5	32	38	26	42	33	35	29	23	28	8	27	
33	26	1	10	9	18	10	23	12	27	28	14	15	4	27	39	24	6	39	20	22	6	4	38	27	35	20	1	20	33	2	21	21	28	32	7	29	26	25	19	30	22	15	31	20	4	27	14	30	31	
3	22	36	18	23	19	21	9	30	31	4	18	29	7	12	16	21	29	20	32	19	32	26	20	10	30	5	23	20	1	17	19	26	22	33	25	11	28	13	26	47	26	16	6	7	9	7	27	5	9	
26	19	12	3	16	3	17	14	14	27	8	7	5	8	6	34	30	32	24	34	17	7	20	23	13	4	43	34	24	26	24	28	28	26	17	7	5	31	18	12	38	21	6	16	23	31	20	23	13	25	
21	8	15	20	23	18	18	8	18	16	1	29	17	14	33	5	27	13	37	19	34	10	11	30	20	10	26	14	17	16	24	2	22	6	31	32	16	38	14	14	22	36	2	10	24	17	23	15	13	15	
7	18	3	8	16	3	17	14	7	10	26	24	5	8	27	18	30	28	1	21	21	17	25	22	24	32	43	13	8	3	29	14	27	44	17	25	26	30	9	25	25	21	22	16	19	22	18	23	30	14	
14	18	20	13	34	24	24	34	32	23	31	12	38	23	21	28	3	33	31	34	31	7	22	8	32	25	30	29	11	13	16	13	37	21	9	37	33	16	13	19	13	14	18	30	8	16	14	15	15	20	
6	4	11	24	21	8	22	19	19	4	21	13	26	30	36	14	35	11	29	19	34	15	30	28	36	30	1	30	30	43	4	4	33	22	22	8	5	2	33	30	3	26	12	21	35	30	23	28	19	5	
33	23	11	30	21	28	28	28	30	27	20	15	10	31	11	17	36	3	27	10	20	12	16	12	37	29	32	7	30	2	41	17	21	23	39	11	25	20	13	23	13	18	27	20	21	29	18	5	23	21	
36	2	36	13	33	39	28	14	30	19	31	11	15	8	11	12	49	4	36	8	2	31	11	26	34	31	26	33	5	11	30	20	28	49	46	34	6	25	10	37	10	32	3	40	35	8	21	2	16	30	
34	7	33	20	17	4	18	15	15	23	34	4	18	9	9	18	31	6	25	34	14	19	26	12	16	25	8	17	15	3	17	17	21	23	18	10	12	10	17	4	25	18	23	17	22	10	13	19	23	13	
23	5	20	7	22	31	22	32	32	31	8	20	28	3	24	34	10	29	41	5	35	6	24	43	38	30	7	32	14	24	26	34	22	26	41	11	8	33	9	36	12	39	13	12	28	27	24	29	32	29	
36	33	21	26	21	10	8	6	21	20	40	31	8	13	18	15	29	39	28	29	15	29	19	5	39	22	40	22	37	12	18	4	33	39	5	30	33	13	9	16	23	11	21	21	19	20	4	7	16	2	
20	23	30	7	18	5	17	4	16	10	25	28	16	35	19	32	18	15	25	36	31	4	20	6	29	23	37	32	32	17	28	3	1	43	19	2	38	14	11	17	13	9	24	18	20	10	12	13	17	18	
34	35	10	19	31	40	34	24	20	17	37	40	9	3	43	7	43	40	49	8	39	34	26	40	16	34	12	32	9	22	33	29	34	24	15	37	28	37	34	39	10	21	17	24	16	9	36	38	24	27	
23	2	18	24	10	19	13	9	12	13	33	9	16	9	12	32	7	6	31	2	23	27	25	39	8	11	24	25	6	33	17	24	10	17	33	19	39	32	3	4	31	27	15	32	24	28	8	17	24	18	
M4
32	36	28	11	25	6	20	28	36	20	18	41	15	19	12	37	28	19	37	32	26	12	23	22	17	18	28	17	29	6	11	20	17	15	28	3	30	1	5	29	29	34	4	36	6	30	29	30	36	43	
30	30	22	16	30	34	4	7	22	36	13	36	26	8	8	28	15	28	2	10	13	2	30	40	40	34	29	36	17	30	33	13	23	35	28	39	28	3	31	11	25	24	42	23	35	25	21	35	17	3	
28	14	47	9	31	2	5	21	24	27	23	5	37	25	5	40	34	25	39	43	37	39	20	4	25	35	26	19	18	16	10	2	34	42	9	36	32	8	23	23	22	27	2	10	14	21	16	21	31	35	
35	16	13	42	31	36	32	21	29	34	15	2	20	10	5	31	34	13	38	24	22	32	34	30	2	9	16	24	22	35	6	3	13	11	29	36	36	15	9	25	22	15	25	12	25	36	22	28	19	40	
13	9	28	27	16	9	14	14	13	4	27	21	20	31	18	14	1	19	10	30	21	20	16	8	12	2	1	22	23	34	22	2	6	20	17	15	3	17	19	18	19	16	30	9	44	3	6	3	9	41	
34	31	26	33	32	8	30	29	23	38	14	17	8	17	38	15	17	38	22	36	8	20	32	24	29	25	27	1	28	41	14	14	30	17	37	9	27	10	25	4	20	27	43	23	28	37	19	3	4	34	
14	27	16	34	16	27	32	18	17	8	27	33	26	1	27	16	19	7	11	10	23	27	17	7	5	20	19	14	1	14	4	3	24	34	5	27	15	23	35	27	14	6	30	21	17	15	24	20	21	21	
28	4	16	23	29	30	32	19	27	30	27	34	35	14	3	25	25	7	18	26	32	36	29	29	15	18	24	16	20	31	11	26	4	34	1	30	19	32	18	18	17	5	31	25	49	34	1	34	25	30	
16	21	47	30	27	9	37	17	21	12	31	24	16	45	35	38	30	20	13	9	40	23	33	10	10	26	30	37	11	6	21	10	35	15	18	6	6	21	6	15	22	9	33	12	3	16	34	30	12	31	
28	18	16	4	13	24	29	21	18	7	22	34	35	25	5	29	16	25	25	23	16	13	31	16	27	4	11	35	22	11	31	9	21	35	7	15	18	18	11	25	22	27	24	4	14	18	21	11	20	28	
28	22	21	38	27	31	25	3	29	33	16	45	31	25	42	25	12	36	32	11	13	36	20	23	6	31	20	33	15	28	6	31	11	10	23	36	29	32	30	6	28	7	6	2	30	1	35	1	19	35	
23	19	18	37	8	17	5	24	17	14	21	26	15	23	21	19	11	1	20	25	26	30	1	18	12	12	11	25	33	30	18	12	1	3	26	12	13	26	13	28	8	26	25	19	26	13	16	13	19	29	
18	1	27	8	33	20	37	24	8	8	45	8	43	9	8	41	36	28	35	31	17	2	37	9	40	23	15	4	25	32	26	16	34	24	34	39	31	32	31	1	25	7	8	33	45	9	17	36	37	12	
16	21	7	20	25	2	21	17	8	19	22	3	15	6	3	5	16	21	12	33	2	16	26	30	13	21	4	13	20	33	15	12	29	23	21	18	6	12	11	14	20	17	15	12	40	30	20	1	4	2	
15	21	39	22	11	22	27	1	9	17	25	22	20	5	12	20	14	5	23	32	27	26	14	21	25	15	6	27	2	15	18	8	14	29	11	16	16	22	8	5	2	7	24	10	38	16	2	16	22	22	
15	20	13	12	20	21	10	11	25	19	11	16	4	12	17	18	5	22	1	27	1	5	20	30	8	24	6	2	27	39	4	5	28	12	25	8	6	1	23	32	11	6	27	2	38	25	28	25	12	41	
19	4	21	20	4	8	2	19	19	10	15	24	8	20	24	2	7	25	9	32	9	13	4	14	16	8	7	10	29	33	12	8	12	9	9	16	9	9	7	17	19	14	35	10	32	9	12	9	14	32	
22	21	20	19	10	6	17	18	10	6	3	11	11	12	24	1	12	29	8	10	8	12	5	20	15	14	13	7	28	12	10	12	13	19	8	6	13	8	17	15	18	13	32	9	30	15	8	15	19	15	
11	16	8	25	17	12	14	12	20	14	36	19	11	20	30	27	14	16	8	28	7	18	26	25	30	21	20	33	4	17	20	21	18	26	8	13	1	16	14	27	16	14	7	7	30	20	25	22	7	24	
12	17	26	24	18	2	31	13	19	3	32	20	12	33	13	15	21	18	9	29	9	19	11	20	29	22	21	23	23	14	12	15	26	17	36	2	2	1	1	17	24	15	12	8	5	23	7	19	8	28	
35	20	25	5	20	13	18	26	31	19	17	27	24	19	27	18	5	22	20	10	25	6	10	30	2	24	23	26	38	19	19	24	22	25	25	7	25	5	23	33	35	30	34	26	36	25	28	3	30	43	
23	26	4	34	15	26	31	14	21	3	44	31	37	22	32	30	18	29	20	29	20	6	26	25	2	5	12	1	25	12	16	19	15	35	30	25	13	24	25	32	35	24	24	19	4	7	23	4	16	45	
16	12	15	30	1	12	17	9	16	7	30	9	23	18	21	17	4	22	6	33	24	1	19	11	7	5	4	25	26	23	25	5	9	6	20	16	6	20	22	17	22	19	23	12	22	6	9	6	12	35	
18	30	32	25	21	32	28	22	23	27	19	37	2	14	23	22	15	26	22	1	16	33	11	31	35	25	24	30	5	1	21	14	28	2	28	16	19	29	33	27	18	7	31	25	3	17	29	3	24	20	
21	26	45	26	15	26	31	25	26	21	37	38	37	32	12	31	18	28	16	6	26	37	30	6	29	19	11	12	8	21	8	19	18	37	11	19	20	15	9	32	21	18	39	26	24	20	23	20	23	22	
28	23	21	33	41	21	12	5	2	18	44	24	17	30	47	33	33	39	15	46	17	28	21	11	35	24	25	31	30	26	1	4	42	16	17	9	23	38	10	17	4	6	6	1	5	8	2	19	29	30	
34	4	10	24	19	17	12	1	10	16	20	29	23	31	29	17	4	11	24	34	24	20	19	29	18	12	21	10	42	4	13	23	27	20	24	6	24	24	22	18	34	29	14	25	36	13	16	24	18	37	
34	19	36	23	19	9	17	1	18	25	30	39	22	35	28	17	4	37	7	47	24	19	19	26	14	23	22	7	29	14	2	22	27	9	1	31	24	14	18	32	34	20	42	6	46	18	23	11	9	14	
1	15	34	22	4	15	20	5	6	10	29	20	19	29	15	20	7	9	9	29	27	19	10	14	18	8	7	27	19	1	4	8	12	26	20	14	2	17	25	20	1	11	29	8	28	9	12	7	8	8	
16	20	12	7	9	20	12	3	21	15	6	31	27	35	20	17	10	18	21	34	20	14	22	19	23	13	12	5	3	9	19	13	16	30	28	26	14	24	1	6	16	26	22	20	22	14	17	14	20	2	
23	25	12	32	25	7	23	27	23	1	12	26	8	7	33	19	10	31	18	35	12	6	25	27	8	26	27	27	10	23	13	20	33	1	18	21	24	26	28	17	6	18	18	27	21	22	23	29	9	30	
13	18	9	10	28	33	2	14	21	16	39	21	30	22	2	37	31	19	10	6	16	7	18	27	21	23	23	36	12	25	26	25	31	15	6	15	3	18	25	10	19	16	30	9	10	27	19	28	9	32	
17	1	12	19	22	2	23	15	19	20	26	6	2	26	36	30	17	15	14	34	19	24	13	31	36	14	25	30	24	37	39	5	5	21	37	19	7	22	25	17	29	20	34	13	23	27	30	26	6	31	
21	16	21	32	16	15	1	22	13	22	15	29	18	24	26	14	1	27	11	18	21	24	16	6	28	20	19	3	21	34	24	20	24	18	21	23	11	21	6	1	31	24	11	15	20	21	21	14	17	4	
17	20	38	33	9	20	19	21	12	6	9	28	24	29	28	19	6	6	21	20	26	30	21	19	2	13	12	27	4	4	9	13	17	26	4	26	14	26	24	6	8	27	38	20	31	14	17	14	18	24	
17	31	27	38	20	10	25	21	22	26	37	36	19	38	31	20	23	25	25	40	18	9	7	10	34	24	23	28	4	17	11	10	21	1	22	30	18	27	21	16	17	16	37	8	1	25	5	23	4	20	
5	10	45	19	38	25	26	6	14	8	31	13	25	40	24	29	25	11	2	22	29	12	28	19	24	37	31	28	41	40	38	37	41	45	35	7	19	10	22	21	17	8	22	1	47	19	36	20	1	33	
27	25	26	18	14	25	1	24	29	12	24	29	17	25	21	7	13	35	11	40	14	18	28	24	14	10	17	7	14	21	12	10	22	25	33	19	19	14	31	34	24	2	22	13	9	19	22	19	6	34	
12	19	31	32	16	13	24	10	29	22	4	35	24	42	36	24	11	32	28	38	31	31	26	18	30	6	19	32	11	24	27	20	12	9	31	19	21	31	29	23	15	14	10	27	1	5	14	8	6	31	
15	10	38	24	25	32	29	32	32	31	6	16	42	33	43	39	26	36	33	13	36	18	17	35	32	28	6	38	16	29	7	11	33	29	34	27	30	13	28	22	29	36	35	4	38	11	11	24	15	31	
10	5	46	15	24	32	23	33	3	7	26	6	4	14	44	40	27	40	31	32	27	10	28	7	17	6	7	37	38	15	19	28	32	19	7	35	24	39	35	40	7	19	21	30	35	24	32	11	30	44	
18	9	14	32	31	20	11	19	22	21	21	4	24	31	17	14	25	24	8	23	18	25	31	30	27	33	26	22	31	14	15	25	26	14	29	11	8	21	32	31	13	19	35	14	22	28	25	33	14	25	
14	25	24	36	25	1	20	35	10	1	13	3	5	36	41	18	10	38	8	25	25	21	4	15	7	12	25	26	23	22	28	29	30	1	6	27	30	25	27	24	30	30	37	21	15	19	23	30	32	12	
33	9	15	7	21	32	27	32	36	27	24	3	25	1	38	15	14	38	20	41	22	26	29	2	9	16	10	23	45	3	25	14	29	23	4	29	26	17	28	11	32	27	42	23	28	26	4	25	32	41	
18	31	32	20	35	40	27	30	4	33	30	24	23	27	17	13	24	37	20	15	19	24	9	33	27	4	24	21	34	13	15	12	7	22	1	27	25	20	40	13	12	8	18	21	32	35	29	25	31	10	
6	4	20	12	1	12	17	17	2	7	18	11	11	2	1	1	4	21	8	24	8	7	19	5	15	5	4	9	18	4	11	3	9	4	6	14	6	5	22	12	18	8	33	2	40	6	9	6	6	22	
15	20	30	8	23	34	24	16	24	13	1	23	35	24	4	35	26	21	12	8	17	22	12	29	2	19	4	20	10	23	6	27	31	34	2	11	5	20	27	13	21	18	13	11	39	25	21	20	11	30	
31	35	31	39	39	14	39	30	3	34	4	1	7	33	17	28	29	12	6	7	26	36	34	11	12	43	38	18	34	27	33	22	36	33	37	11	21	26	2	13	34	8	9	27	33	3	12	28	13	6	
22	4	29	42	25	31	41	26	15	31	41	26	37	18	31	41	28	30	10	6	25	6	15	23	38	29	13	25	9	3	5	29	23	21	36	35	23	38	25	35	19	32	2	29	29	6	2	21	29	10	
22	21	2	6	25	29	8	8	22	20	32	1	6	3	17	15	23	29	20	26	22	17	20	2	5	29	25	21	9	2	25	2	33	33	19	29	23	22	31	37	22	10	22	15	18	30	33	28	16	1	
M5
18	16	5	24	28	18	24	16	21	18	3	20	10	24	31	27	16	9	23	26	22	26	20	13	15	26	25	17	16	18	26	26	20	24	10	26	17	26	24	9	9	8	15	13	18	12	1	28	24	26	
25	17	39	18	32	25	18	23	33	5	10	24	20	4	13	1	11	30	28	14	31	26	25	30	7	19	15	31	15	11	5	34	31	16	12	17	39	36	20	32	16	8	22	22	3	24	30	8	10	29	
19	15	26	10	10	23	16	21	33	23	3	16	15	13	23	12	29	17	15	8	11	23	12	21	5	17	21	19	15	4	8	28	13	14	22	19	3	21	27	24	14	7	20	20	23	24	14	15	14	20	
15	13	26	21	4	15	15	13	14	8	25	16	6	4	28	16	15	17	15	18	18	5	12	2	10	22	14	16	8	19	23	18	4	14	11	19	16	10	16	1	6	11	12	12	7	21	7	11	13	20	
16	16	28	17	21	19	21	16	11	6	4	21	19	8	8	10	33	2	1	26	28	41	24	33	6	16	11	30	16	22	17	19	16	15	23	11	42	7	35	28	10	15	5	8	19	35	30	19	15	16	
9	18	10	22	23	20	6	18	21	15	15	6	3	4	29	9	19	7	5	8	8	24	2	11	11	16	11	32	9	9	20	29	25	20	19	9	24	8	19	14	11	20	17	17	20	2	8	22	17	10	
16	18	27	27	25	22	17	14	42	15	26	15	16	19	3	3	30	18	14	19	3	8	13	22	16	28	22	6	4	9	16	13	11	21	30	20	18	19	19	25	22	25	27	24	31	16	19	7	25	21	
23	21	34	29	19	2	21	21	18	19	23	24	20	3	36	27	31	25	16	1	26	10	20	29	18	14	25	16	10	20	2	17	20	15	35	15	42	9	5	9	14	16	3	20	23	29	18	10	27	14	
23	25	30	27	27	14	6	21	29	27	11	22	21	24	27	25	34	23	5	24	24	18	18	12	16	28	23	15	21	12	28	4	13	22	33	8	37	25	22	7	18	25	24	24	27	27	4	29	8	6	
17	15	18	18	28	17	26	15	22	17	32	12	4	23	29	25	18	27	6	28	28	36	22	31	12	24	31	34	15	29	2	28	20	2	24	16	32	28	34	19	8	20	14	14	10	25	11	20	11	19	
24	15	20	30	27	24	10	19	30	24	19	10	6	27	29	13	16	11	9	12	12	28	6	15	20	27	15	29	13	13	23	12	29	24	14	13	18	23	8	18	15	15	20	21	10	14	7	26	8	14	
1	13	19	21	17	15	19	13	10	6	22	17	5	7	21	23	33	19	19	6	22	2	16	16	14	2	3	26	6	23	13	22	16	20	19	16	34	26	4	5	6	22	12	12	9	25	14	27	18	23	
18	16	11	5	9	18	6	16	22	18	15	6	5	21	11	3	13	7	5	8	8	15	2	9	16	7	11	32	9	9	20	22	2	20	19	9	24	22	19	14	9	25	15	6	18	2	4	22	22	10	
19	17	8	20	20	19	5	17	27	8	14	5	4	17	16	8	18	6	4	1	7	18	1	5	15	2	1	3	8	8	19	30	24	17	18	8	23	18	18	13	10	13	16	16	19	5	7	21	18	8	
21	21	31	21	19	23	27	21	1	7	23	24	22	11	31	6	24	28	3	26	8	14	23	32	14	4	32	2	5	20	21	17	29	23	11	25	8	26	20	26	14	21	3	20	4	21	7	27	23	14	
13	24	22	12	10	7	17	27	26	25	9	6	20	6	28	24	33	8	1	21	23	7	17	4	14	8	1	7	6	24	16	3	6	16	5	19	26	17	18	18	23	10	22	12	28	1	23	27	17	25	
6	2	18	33	12	13	10	3	26	6	27	29	34	3	8	31	40	20	26	26	19	22	32	12	32	35	39	2	8	37	19	38	12	24	34	3	32	7	15	28	18	17	24	20	27	32	25	28	25	33	
11	14	2	11	13	5	21	14	44	5	20	18	20	22	9	1	34	14	20	23	8	7	17	23	18	23	26	36	14	1	21	27	30	23	31	20	20	11	1	29	7	6	13	13	16	21	23	31	27	24	
8	27	13	8	10	6	28	36	23	22	27	20	27	11	37	23	23	8	19	30	30	14	24	1	22	13	33	33	27	3	26	39	33	13	9	2	31	14	15	29	29	4	34	6	36	13	27	35	14	31	
1	21	24	2	27	23	3	21	37	22	22	18	17	27	7	21	21	8	17	20	7	28	14	23	25	28	23	23	20	21	20	1	27	6	11	21	33	33	23	24	14	27	20	17	12	20	19	8	26	22	
1	16	22	17	33	14	21	8	34	22	22	19	5	21	29	14	25	8	29	32	15	15	26	31	6	18	19	17	16	20	1	32	15	15	23	20	30	24	4	15	15	15	21	21	24	1	6	19	11	28	
26	13	23	32	13	3	13	8	20	24	30	21	20	10	19	24	14	4	20	23	23	20	17	23	31	20	26	39	24	24	7	14	10	2	34	18	39	2	32	29	17	7	23	18	15	22	4	14	36	1	
17	15	13	23	20	17	3	15	34	17	12	3	2	20	26	6	16	4	2	5	5	21	11	8	13	20	8	29	6	6	17	28	22	17	16	6	21	21	16	11	8	22	14	14	17	18	5	19	21	7	
27	28	19	18	5	25	18	32	27	11	16	26	31	2	29	12	20	23	8	22	28	3	29	23	18	19	34	39	28	36	23	30	29	2	13	19	32	3	4	18	27	27	23	33	36	38	23	31	3	26	
10	2	27	3	21	10	7	8	20	10	26	9	5	16	23	22	27	20	18	21	21	29	15	21	15	4	24	16	2	22	18	21	28	1	9	6	30	21	24	23	1	1	7	7	10	34	21	5	1	14	
17	15	25	23	4	10	26	2	4	3	32	19	7	18	26	3	30	8	24	28	28	19	22	6	30	25	28	37	15	28	21	23	1	3	29	18	37	15	14	21	8	5	14	2	17	4	28	36	8	5	
15	18	26	23	27	20	2	17	12	20	25	16	15	26	13	19	29	11	15	6	18	29	12	16	12	15	19	23	1	19	28	20	14	8	29	11	17	28	18	3	11	5	17	17	13	23	12	25	21	12	
19	5	23	5	20	24	19	18	10	23	25	4	18	12	9	17	15	20	10	21	17	7	15	24	13	19	11	25	15	22	6	21	13	19	30	22	31	29	19	4	15	22	8	21	24	12	7	21	5	5	
3	17	19	25	15	8	26	17	14	8	8	21	1	23	32	3	7	15	26	8	30	41	24	33	36	2	10	38	17	29	27	27	35	22	3	27	37	10	21	27	10	5	13	16	19	33	22	43	41	24	
24	10	15	23	33	10	10	9	41	35	25	41	17	28	33	33	19	35	4	8	33	13	37	18	33	5	36	15	29	22	28	16	8	30	37	2	25	31	6	42	35	37	24	38	42	27	27	24	20	2	
17	7	8	13	24	17	7	15	4	17	16	7	6	2	2	10	20	8	6	9	9	3	3	12	2	5	12	26	10	10	8	21	25	11	11	10	25	23	20	14	8	11	14	14	17	20	8	11	2	11	
21	5	24	6	28	4	14	6	13	2	23	14	13	23	34	17	22	15	6	16	16	3	10	19	8	20	11	6	17	17	22	8	25	17	25	17	32	32	27	22	12	17	12	1	21	5	16	21	17	6	
3	13	26	14	27	21	18	19	28	21	12	13	4	9	30	15	31	25	13	17	27	26	21	13	3	15	3	9	13	28	25	24	28	12	10	17	21	22	21	20	12	6	13	10	10	33	22	6	5	24	
11	26	28	34	18	9	7	16	32	24	1	16	20	19	19	17	2	31	7	26	16	32	32	36	31	15	6	31	21	25	29	2	33	1	9	14	30	24	13	23	19	17	8	25	28	28	17	11	19	8	
19	11	36	12	27	15	16	17	4	18	22	8	9	24	32	31	3	7	27	29	10	6	24	12	1	13	30	3	8	31	13	29	10	10	14	12	25	24	26	29	10	10	16	10	19	16	10	14	10	23	
1	18	24	24	14	20	19	18	40	20	22	15	18	14	6	12	21	20	2	21	16	29	15	24	13	8	20	22	17	13	28	21	14	19	29	22	36	12	19	4	11	3	17	17	20	2	13	11	22	23	
16	14	24	18	9	28	22	20	32	37	5	28	2	6	41	35	39	12	30	6	31	8	28	18	26	36	24	6	5	35	32	13	9	11	8	35	10	6	32	17	28	1	25	9	37	22	26	13	31	10	
15	8	5	30	25	3	4	9	32	23	23	18	17	20	19	19	20	19	17	20	20	21	14	23	24	20	6	1	21	21	28	12	4	11	31	21	23	29	5	15	20	25	9	26	29	6	20	22	11	20	
36	32	4	1	12	33	20	34	22	2	22	1	28	26	36	13	33	31	29	17	30	27	31	24	24	27	36	1	30	3	27	22	12	26	7	26	22	21	38	23	27	26	16	9	25	6	29	8	16	27	
12	10	17	12	16	12	7	6	29	12	16	7	6	18	25	10	20	8	6	9	9	25	3	12	1	13	8	13	6	10	20	9	3	7	18	10	25	17	7	15	3	10	9	9	12	12	1	14	10	11	
5	3	22	11	18	5	14	3	33	5	22	7	13	11	18	17	27	15	13	16	16	27	10	19	24	13	19	40	3	17	13	16	32	12	22	17	32	16	27	22	13	14	2	2	5	29	16	30	28	13	
15	13	14	5	25	12	20	3	7	15	14	17	22	21	28	26	15	23	4	25	25	22	19	23	20	22	12	27	13	26	23	26	22	22	22	22	10	24	26	11	6	7	12	12	15	10	15	31	3	6	
12	10	29	18	8	12	21	10	23	8	12	13	14	3	25	24	20	22	5	23	23	34	17	26	15	3	23	36	10	9	20	6	26	19	29	24	39	22	22	15	3	21	9	9	12	30	23	28	20	3	
19	2	14	25	18	19	18	6	37	8	27	8	17	15	32	21	7	19	17	20	11	16	14	3	28	6	11	40	14	21	24	30	21	8	26	13	32	16	15	26	10	28	16	10	5	2	13	28	7	22	
22	14	19	31	21	25	11	8	11	25	4	11	10	28	34	14	16	12	10	2	13	29	7	16	21	28	16	37	14	14	22	36	30	15	24	14	29	29	4	19	16	20	22	12	25	11	13	6	26	15	
26	24	22	18	8	26	12	9	26	26	21	11	11	29	15	12	25	13	11	14	14	24	8	17	22	10	17	24	4	15	11	18	31	9	25	15	30	23	5	20	17	21	18	20	7	5	14	28	24	16	
9	20	31	28	21	22	21	4	2	22	30	21	10	18	7	24	16	22	20	23	7	18	17	6	25	2	26	36	20	24	20	27	34	4	26	11	39	19	2	29	13	31	19	19	12	6	20	21	19	25	
2	15	25	30	22	24	21	14	22	19	8	13	1	15	32	23	27	29	25	16	18	13	25	7	23	16	5	13	20	13	31	31	25	19	30	30	36	20	21	14	15	16	21	21	6	19	18	13	20	29	
23	15	28	18	3	23	18	17	29	22	6	4	16	13	7	21	7	1	14	20	20	9	14	1	12	24	19	24	17	21	1	8	14	13	24	2	10	14	4	3	14	18	20	20	17	23	12	9	14	18	
2	15	25	9	2	17	5	15	8	17	23	19	20	23	28	28	34	8	10	28	3	30	22	31	14	17	8	31	15	29	16	28	4	23	20	19	37	13	9	11	8	23	14	14	17	4	20	27	23	25	
M6
12	23	31	10	24	14	6	3	4	4	10	12	19	22	20	8	6	7	1	30	23	14	20	16	19	29	23	12	12	20	26	15	14	4	1	15	12	21	8	24	13	14	13	12	30	15	7	13	19	6	
30	18	10	9	12	36	11	6	35	18	42	17	24	18	12	24	4	2	34	12	21	24	16	24	1	32	34	11	10	8	25	33	25	22	27	29	20	6	18	34	22	2	14	9	2	20	25	31	23	11	
15	40	1	20	11	34	3	23	25	4	33	23	13	14	1	13	29	7	18	20	4	20	14	13	16	28	27	21	4	11	33	30	1	11	28	22	16	16	8	17	29	11	10	19	22	18	22	23	25	16	
7	24	24	18	18	24	35	18	6	17	9	12	22	8	29	22	3	20	29	29	3	14	29	14	21	8	35	11	11	8	24	17	17	14	17	18	3	22	17	1	21	4	6	22	32	25	18	18	22	26	
16	5	4	29	2	28	37	6	8	10	28	32	23	15	12	14	24	1	2	25	30	28	5	24	9	32	15	19	18	26	28	33	30	20	7	29	9	27	11	38	19	5	21	17	13	2	30	29	16	27	
18	19	30	23	37	29	20	18	26	3	18	26	26	15	27	27	31	28	5	27	9	22	34	19	25	3	32	10	1	37	7	32	23	14	22	3	14	8	23	15	2	26	12	19	19	25	24	26	29	32	
20	33	29	21	24	24	15	20	22	8	17	24	11	15	2	10	26	14	13	9	36	21	15	4	21	23	5	5	14	15	1	12	22	12	29	23	23	17	9	29	20	24	11	20	23	23	23	7	26	3	
14	26	11	15	17	25	5	6	38	4	25	18	21	16	20	11	21	4	16	33	27	25	15	22	2	26	15	16	15	23	8	1	8	6	4	17	15	1	21	32	16	21	15	14	33	17	14	18	11	31	
23	4	14	10	30	19	23	30	42	14	38	30	14	21	8	20	36	14	22	18	15	27	16	20	24	20	26	12	31	42	23	14	25	18	35	4	4	23	1	32	36	12	17	1	44	8	29	30	25	23	
26	7	27	12	20	11	12	8	40	9	24	31	21	18	25	13	2	12	18	7	19	19	22	19	5	2	3	18	17	20	31	6	20	24	6	29	8	1	15	1	18	23	9	15	9	24	21	21	13	10	
1	24	25	10	1	24	29	4	13	18	23	1	16	21	35	14	14	26	4	1	31	20	21	17	23	26	24	19	7	20	3	13	11	1	20	12	12	2	14	22	20	14	10	9	4	8	7	12	28	30	
24	8	25	25	39	22	32	12	7	2	31	24	31	10	19	17	37	16	8	38	33	35	12	31	35	25	32	3	21	29	36	1	4	16	10	27	21	34	20	6	21	34	25	24	29	20	33	13	13	34	
14	24	26	19	26	16	27	8	19	16	10	1	22	7	10	22	14	6	24	12	25	4	22	5	19	17	19	15	21	20	2	15	19	10	20	21	9	21	14	16	26	14	8	2	33	21	7	13	8	25	
20	28	29	21	21	22	31	3	29	4	1	7	7	15	2	3	19	3	13	21	2	21	15	14	5	16	23	13	12	5	1	6	22	12	1	23	12	17	9	12	13	19	11	18	24	2	12	12	19	17	
13	34	22	14	17	28	27	17	30	1	27	17	7	8	12	7	23	10	25	14	35	14	8	7	14	22	21	17	18	29	27	24	15	5	22	16	16	10	2	22	23	18	4	13	39	16	16	17	19	10	
26	31	30	20	1	32	25	17	33	29	33	12	34	24	38	28	10	27	28	4	6	3	1	5	27	24	17	5	34	32	6	28	7	19	31	6	30	11	34	33	17	10	24	17	34	6	27	31	2	10	
15	20	16	16	3	29	21	10	27	11	27	15	22	1	19	15	8	7	20	28	2	26	25	18	3	21	20	20	9	18	27	17	17	7	8	18	18	11	18	28	3	26	16	15	20	8	28	19	4	29	
32	36	38	23	9	13	33	14	37	6	26	38	2	16	31	19	8	3	24	25	25	30	31	34	26	20	34	24	15	31	42	32	9	30	12	5	18	34	30	3	24	14	20	14	14	2	24	14	25	39	
16	33	14	7	21	31	25	24	25	9	1	20	23	23	27	6	29	34	7	21	8	27	16	24	29	33	36	20	13	15	23	4	18	8	33	19	19	22	11	34	18	20	17	4	13	10	22	10	19	35	
22	22	30	19	26	32	35	13	20	10	31	26	16	15	4	16	26	17	23	23	10	23	11	16	6	6	20	23	18	21	36	25	24	14	11	25	22	14	11	31	17	27	13	22	26	25	24	26	17	19	
14	32	35	11	30	23	29	8	27	2	27	10	20	21	8	13	14	12	18	7	29	27	21	20	12	35	18	11	17	24	17	25	28	18	6	29	17	23	15	18	18	22	17	26	35	16	25	30	5	23	
13	27	32	11	7	24	2	17	26	18	1	4	20	22	22	11	6	21	19	7	23	18	25	21	24	4	19	22	26	13	23	7	15	5	15	16	3	22	25	25	24	28	14	13	24	16	26	17	25	34	
31	28	20	14	33	4	33	29	36	19	21	24	1	20	13	1	21	1	18	26	4	9	9	20	30	20	31	9	12	27	42	22	13	23	27	33	29	20	2	3	28	16	2	20	35	3	14	4	23	22	
5	13	39	29	26	16	23	12	26	13	31	4	29	24	21	17	8	16	11	6	16	36	15	17	23	3	12	22	21	29	27	20	13	22	10	13	21	28	28	25	5	34	30	30	21	28	33	11	27	36	
15	19	17	20	4	30	20	20	26	21	22	16	26	27	29	22	12	17	28	1	11	11	20	15	21	34	22	20	29	3	11	13	19	25	18	23	29	1	12	13	2	12	27	11	19	9	5	7	31	16	
5	4	12	16	30	7	21	22	5	14	21	7	2	27	30	15	35	18	27	10	38	9	27	12	16	4	37	1	34	22	17	18	17	7	23	18	18	14	24	28	3	30	16	6	20	18	28	19	11	22	
25	38	49	26	25	19	13	2	23	3	5	15	35	30	45	30	20	4	23	15	37	14	6	23	2	32	18	14	13	17	27	8	22	25	26	10	35	26	5	30	32	20	34	19	2	12	13	19	34	17	
22	5	29	15	20	16	24	16	32	6	2	10	15	24	13	21	8	5	15	11	17	8	3	11	17	9	18	19	14	14	12	8	22	21	14	1	25	15	3	31	10	8	11	7	25	5	1	7	1	7	
14	10	26	7	22	6	35	1	34	10	25	18	7	11	26	17	4	16	18	32	21	6	6	22	2	20	8	6	21	29	6	12	14	6	10	17	17	30	26	1	22	29	15	14	8	9	27	12	14	6	
11	36	35	21	33	36	33	2	15	17	24	20	16	14	11	5	39	23	25	30	13	4	24	23	22	25	4	29	21	12	25	28	31	21	17	28	7	18	18	13	29	15	20	21	22	10	32	16	5	26	
34	40	32	4	30	17	36	2	34	18	28	26	3	28	39	31	12	10	15	35	16	10	29	13	7	23	7	37	18	40	19	14	42	34	35	33	44	23	5	40	30	35	40	3	9	18	28	23	8	40	
14	29	31	2	5	35	18	10	28	11	8	6	14	19	12	14	16	27	29	2	16	13	3	19	25	35	10	24	33	22	30	17	5	22	22	33	28	1	10	13	33	7	21	15	15	18	9	15	34	27	
19	12	29	20	20	11	12	19	18	18	33	1	13	26	35	12	26	29	24	30	24	17	28	27	28	29	36	19	30	14	25	17	20	11	23	22	22	14	22	22	35	13	11	19	36	22	19	15	3	19	
2	29	21	3	17	17	34	21	28	22	16	6	9	14	37	7	22	25	14	28	32	13	14	10	31	19	32	16	30	28	16	16	4	13	19	5	5	21	14	20	24	17	3	2	39	5	15	6	21	23	
19	26	29	33	30	20	29	1	33	2	20	32	30	31	18	6	29	5	11	36	22	33	18	30	32	36	21	11	10	18	41	30	32	28	19	26	10	33	25	38	11	23	27	28	28	17	22	28	17	33	
34	7	27	21	2	7	40	28	3	18	30	1	23	20	29	33	4	26	18	9	3	11	13	32	20	2	20	19	28	37	21	17	20	26	26	25	1	30	22	22	22	32	35	10	29	13	36	29	23	42	
18	4	32	30	23	11	27	19	7	14	3	23	30	23	33	36	31	37	26	1	10	42	23	22	19	6	40	27	7	39	14	6	25	23	41	19	29	24	26	34	9	5	32	26	26	30	29	5	9	7	
4	19	29	9	16	35	16	21	34	8	30	24	14	15	2	14	11	17	11	10	22	21	15	14	9	4	20	24	6	26	34	19	11	12	19	23	15	5	9	29	29	20	11	15	22	21	13	19	14	17	
5	44	20	28	18	13	7	22	29	8	26	27	34	34	40	3	18	25	23	3	34	30	24	26	6	17	5	13	22	31	26	7	19	31	26	29	3	32	3	8	36	15	20	24	11	33	18	9	31	38	
35	34	35	1	23	33	15	17	40	5	31	40	26	28	34	2	21	21	10	22	24	31	20	24	22	10	31	19	22	27	44	11	21	34	15	41	11	28	21	11	27	21	39	16	40	20	14	20	23	33	
3	4	30	11	31	41	5	6	11	20	28	34	11	12	14	25	28	15	13	12	34	20	27	19	31	30	38	5	24	24	17	29	23	24	34	20	20	29	21	14	13	26	12	23	4	29	21	26	18	29	
7	23	21	24	23	33	25	27	15	1	11	27	17	18	5	9	5	20	27	24	22	23	2	17	2	31	18	26	28	38	20	33	19	15	28	23	9	20	12	16	23	27	13	23	2	9	25	27	24	2	
30	21	9	3	22	20	22	18	35	19	20	13	7	9	25	23	10	22	28	31	27	1	14	9	19	9	20	4	20	16	35	11	2	23	16	23	27	9	2	11	17	5	28	9	34	33	3	9	12	11	
12	34	25	8	26	12	21	22	12	31	6	16	16	24	38	8	22	34	24	23	16	22	24	14	29	18	32	25	28	6	26	23	14	4	28	15	15	9	5	30	34	22	12	5	7	15	15	16	2	32	
5	22	35	10	20	3	33	7	22	8	26	12	26	22	19	12	6	11	3	19	11	20	9	23	3	30	27	17	16	7	33	21	21	11	5	21	16	5	12	3	17	20	20	19	34	17	13	8	23	34	
19	13	23	17	34	5	28	22	27	17	30	23	21	5	32	1	24	3	31	2	16	15	18	12	7	23	12	18	27	30	31	11	15	11	30	22	5	13	16	25	10	19	5	19	27	1	17	23	2	23	
23	28	33	24	14	29	37	10	40	11	12	24	30	18	27	15	2	14	20	27	19	30	10	5	11	24	12	18	19	8	34	3	25	15	8	26	19	9	2	40	19	2	20	1	30	25	31	1	21	31	
13	9	20	14	4	9	33	23	36	3	22	23	13	12	1	13	21	10	21	6	21	12	14	12	3	16	12	15	24	27	33	22	13	11	21	6	18	16	8	22	27	16	2	6	21	22	14	5	20	4	
11	24	19	13	26	1	12	16	23	18	6	1	17	18	35	31	16	31	24	23	33	2	12	1	22	9	20	3	3	22	26	9	12	26	25	24	36	1	12	21	22	15	1	18	2	33	12	18	22	21	
14	14	15	20	1	6	35	8	34	10	19	24	17	21	26	14	28	13	13	26	14	24	15	4	8	23	29	9	15	26	19	21	25	36	7	24	18	9	25	11	17	6	14	18	34	25	26	31	2	6	
M7
27	17	10	8	1	18	4	19	3	26	5	2	5	23	10	11	14	16	39	5	22	11	17	20	28	12	10	1	14	19	5	14	17	20	21	14	2	11	15	24	14	17	30	7	12	7	25	20	23	16	
1	14	26	5	21	27	25	22	15	8	19	6	16	10	25	24	1	13	32	2	18	8	4	16	4	2	16	18	11	16	22	11	14	6	18	11	5	8	16	5	11	3	34	9	9	4	28	17	20	13	
7	16	23	7	21	5	15	19	17	25	16	5	14	7	25	3	1	15	42	4	18	10	1	24	8	29	13	20	13	18	24	13	16	10	7	13	18	10	20	14	13	22	4	4	11	6	27	19	5	10	
20	41	43	24	22	38	36	35	41	34	36	20	6	27	22	31	31	3	30	33	20	38	37	34	33	33	27	40	31	14	12	1	4	22	35	1	15	25	31	11	1	30	35	10	19	34	32	7	29	3	
8	23	17	1	25	18	16	13	1	15	10	19	10	1	19	2	25	9	33	27	15	26	1	24	15	23	7	24	16	20	18	7	10	17	13	7	8	31	17	8	4	24	4	13	13	8	7	4	12	1	
18	18	15	5	27	22	34	12	19	36	21	5	4	28	29	36	8	13	40	6	30	12	33	28	12	5	25	8	15	1	22	11	14	21	22	3	7	12	22	6	11	28	8	20	13	8	19	17	5	13	
11	16	43	16	22	8	36	26	13	29	19	12	11	27	22	12	23	24	14	31	26	6	5	10	32	15	27	40	15	7	5	22	25	34	32	22	31	22	41	31	1	30	47	8	5	14	8	25	9	24	
27	1	23	19	42	37	13	32	14	35	15	20	9	35	23	16	35	25	27	16	16	4	27	5	1	8	35	12	25	29	17	25	23	31	24	2	29	2	13	1	25	21	8	24	19	18	31	21	34	27	
7	22	15	9	5	19	17	14	16	13	11	6	11	2	20	28	27	14	17	14	17	20	12	17	31	19	8	21	5	6	18	15	8	24	30	15	29	1	16	5	13	26	28	14	9	9	17	21	23	13	
8	13	31	4	23	31	25	15	14	31	25	5	15	23	21	4	32	12	25	1	27	7	30	1	8	11	20	17	10	15	2	10	2	16	17	10	5	7	28	20	2	30	19	19	8	3	31	16	19	11	
16	24	18	9	20	4	17	14	11	6	8	23	11	2	3	11	27	17	32	20	17	26	3	23	31	20	8	14	17	28	26	7	18	26	21	15	29	26	22	9	13	23	12	14	6	8	10	14	13	17	
2	11	21	23	17	22	20	4	17	37	20	26	25	16	24	9	30	2	34	41	25	35	21	26	8	27	11	31	20	4	30	29	32	13	37	17	33	33	22	7	27	18	20	8	28	23	12	23	24	5	
4	17	29	16	33	4	10	13	3	6	3	16	16	23	16	32	20	10	43	13	38	19	11	12	24	17	1	5	1	27	22	22	25	24	29	5	23	19	30	6	21	13	21	21	20	15	15	28	7	2	
9	17	11	2	27	12	10	7	9	26	4	16	4	24	13	21	20	10	35	31	10	25	5	23	24	17	1	33	10	21	19	8	11	29	32	8	22	32	16	2	6	19	21	7	7	2	30	14	16	10	
9	5	26	8	35	11	12	22	23	40	19	14	2	10	2	11	25	16	10	10	25	16	20	38	11	9	16	26	19	24	16	14	17	4	26	8	24	16	31	17	14	1	36	15	17	12	32	20	3	16	
15	30	1	34	24	37	42	2	25	39	18	25	38	35	29	40	32	19	38	35	45	30	20	25	30	16	35	4	38	26	27	17	34	23	27	10	28	9	42	30	40	3	5	8	33	6	16	21	21	10	
24	3	20	9	14	1	26	21	19	25	20	10	18	23	29	6	25	14	19	6	34	12	1	5	17	18	17	22	15	5	6	1	18	1	14	15	22	12	15	25	15	26	30	17	13	8	21	21	24	17	
27	23	21	9	27	16	13	25	23	15	14	28	20	13	17	12	30	17	17	41	28	23	23	23	20	15	19	39	28	23	10	15	2	8	22	15	26	7	31	6	9	5	3	13	25	17	2	19	21	17	
5	2	12	13	16	45	40	32	3	14	33	38	24	36	18	4	37	14	31	38	12	37	27	11	4	2	36	32	15	5	30	16	2	40	36	19	5	41	43	14	19	35	21	28	9	24	36	7	19	20	
27	11	34	2	28	29	27	25	12	29	28	3	13	21	22	29	37	10	37	24	27	5	28	38	33	34	18	15	8	13	19	8	11	14	15	8	15	5	38	18	8	28	31	17	6	1	29	14	17	10	
8	10	5	2	9	3	20	36	3	37	21	16	13	29	2	27	16	10	31	31	20	6	21	33	12	14	11	1	20	7	19	8	11	25	16	8	22	31	33	18	3	22	17	12	16	33	39	14	24	10	
33	10	10	27	31	14	27	43	37	17	14	15	4	34	5	35	15	35	30	24	25	8	6	33	8	30	35	35	33	20	10	15	1	28	32	16	7	30	16	16	18	25	18	31	21	26	12	39	6	24	
18	15	24	6	2	14	8	14	16	1	9	7	17	8	26	30	1	14	22	3	17	9	18	26	16	11	8	13	9	17	23	12	9	18	19	12	19	9	20	11	12	2	28	2	10	5	28	18	21	14	
6	17	19	13	17	11	22	13	23	3	31	14	14	32	17	9	34	21	28	10	38	16	31	29	3	26	21	26	8	2	30	1	22	6	11	18	26	16	49	13	19	37	32	28	17	12	7	12	5	21	
36	19	29	18	35	14	12	31	17	8	13	18	26	27	34	37	22	23	19	16	14	17	13	25	26	9	3	25	12	27	10	24	27	31	32	24	24	22	35	34	15	21	6	15	21	10	29	30	20	18	
32	26	27	17	17	41	35	33	18	28	21	3	28	29	37	31	10	25	31	14	8	20	4	28	28	34	33	4	21	19	21	23	26	22	5	21	30	20	25	33	23	24	8	6	21	6	12	8	2	15	
32	8	20	7	24	3	1	34	26	18	2	7	16	22	23	31	11	15	42	28	32	16	2	14	15	8	10	34	1	26	13	13	16	34	41	13	14	30	25	23	13	10	12	20	26	25	30	19	9	15	
7	13	14	13	22	7	11	17	20	25	12	17	15	6	24	1	20	21	12	37	4	26	11	24	25	18	2	10	11	4	13	19	22	15	43	15	24	38	27	13	10	9	22	18	5	13	8	15	10	9	
8	28	38	31	30	8	25	5	21	15	28	32	37	31	43	7	16	2	28	34	5	35	39	19	6	28	37	11	35	34	41	17	33	14	29	19	36	30	31	17	37	25	24	20	41	36	25	10	20	6	
17	10	4	12	32	14	12	3	25	29	13	16	4	19	1	31	22	20	30	12	22	18	7	21	23	13	3	12	12	24	24	12	15	20	11	18	25	18	5	4	18	21	3	22	11	14	24	21	20	1	
16	10	18	9	1	19	17	6	16	11	11	15	11	2	20	10	27	17	16	11	12	17	3	24	21	6	8	27	3	9	9	15	18	26	17	15	16	5	23	9	13	26	28	14	10	8	37	21	7	17	
36	20	7	11	2	20	36	26	21	5	23	12	22	30	15	34	23	19	40	8	36	14	6	16	21	29	27	14	17	13	23	17	20	23	24	6	24	14	47	27	17	31	27	16	15	10	18	23	21	19	
12	23	25	22	34	18	16	30	26	3	17	15	4	18	8	21	24	30	2	29	33	8	9	27	2	2	7	10	16	29	28	28	22	31	10	28	7	15	15	25	28	6	27	28	13	25	45	33	23	30	
5	19	22	10	9	25	23	19	20	9	3	11	21	23	8	5	7	5	37	7	28	13	6	7	33	30	14	23	16	21	18	16	19	22	23	16	17	13	21	26	16	12	12	25	14	9	9	22	17	18	
22	21	24	15	17	20	18	20	22	35	17	21	17	8	23	7	5	3	11	19	23	25	15	15	32	25	9	22	15	33	24	10	24	14	20	1	12	25	18	15	2	27	26	20	2	15	34	13	26	8	
15	34	43	30	11	13	27	43	12	17	14	31	35	34	16	43	3	24	27	27	20	4	15	40	8	30	18	43	12	4	10	5	7	21	11	9	31	1	28	41	17	21	38	17	34	16	30	22	12	31	
5	23	17	4	27	18	4	13	15	32	10	22	10	1	14	15	26	12	26	24	16	30	11	7	30	23	7	1	16	2	21	10	13	31	38	10	3	21	22	8	10	9	23	13	13	4	12	16	1	12	
29	13	36	4	24	31	13	26	14	31	30	5	15	23	24	10	29	12	5	1	28	6	30	7	23	30	20	17	10	15	2	10	1	10	17	3	1	7	27	20	3	11	33	3	8	3	31	16	19	12	
42	19	39	31	27	9	22	25	34	13	31	14	25	28	32	12	26	32	24	28	30	34	2	27	10	36	33	5	6	32	31	37	34	35	11	37	16	34	21	22	11	27	18	27	11	6	41	30	10	37	
23	6	11	12	25	26	24	10	22	35	18	13	5	9	14	7	26	10	31	9	23	15	19	37	38	31	15	25	18	12	26	18	21	24	8	17	25	8	25	16	4	22	35	21	13	11	15	24	15	18	
22	22	24	15	3	19	17	16	22	23	17	1	17	8	3	33	12	7	11	14	7	20	18	30	31	22	8	22	12	28	4	21	11	20	30	21	30	10	29	12	19	23	28	20	10	15	20	6	10	23	
24	27	29	8	14	22	10	9	38	7	19	26	19	32	3	33	3	16	22	30	29	35	4	26	2	27	11	27	20	14	25	14	17	26	38	14	5	19	44	19	9	23	6	1	32	32	29	7	25	16	
33	23	12	18	34	24	34	14	31	26	2	35	28	19	23	31	16	6	36	31	32	37	20	9	29	15	25	28	34	10	11	24	27	42	25	18	12	23	36	26	24	9	18	31	17	15	12	30	33	26	
34	1	9	11	23	16	7	31	21	1	8	12	6	28	29	30	36	12	24	8	17	14	15	17	5	37	27	18	13	1	18	17	20	23	17	17	19	6	2	8	17	37	38	1	13	4	36	23	26	18	
11	29	23	14	30	14	22	19	21	13	3	8	16	7	24	32	32	14	11	22	22	3	17	9	36	4	13	35	1	33	11	7	11	28	14	20	34	7	28	9	18	31	32	7	7	14	15	7	27	22	
33	11	1	8	8	34	33	22	18	1	23	9	10	27	14	28	32	14	40	5	33	1	34	9	4	37	24	21	5	8	8	14	17	17	21	14	3	11	38	24	14	17	29	23	12	7	9	17	23	8	
14	15	27	27	10	24	18	13	40	1	28	19	25	34	23	30	27	19	37	27	4	33	3	27	30	21	23	26	32	27	18	13	18	42	11	10	22	13	27	11	26	28	15	8	18	26	11	14	31	12	
35	19	34	10	23	11	34	1	20	37	28	11	21	24	17	3	22	17	20	7	27	13	34	25	29	36	25	23	2	21	24	12	19	22	21	8	15	13	27	20	2	9	31	25	13	9	25	22	25	18	
35	32	37	21	25	43	41	6	33	44	35	24	32	26	41	34	3	29	6	39	1	37	31	23	33	7	32	44	6	33	38	27	29	41	40	25	24	25	4	5	27	41	41	36	29	13	48	21	17	29	
22	22	27	11	7	12	21	27	23	40	24	14	22	32	19	35	34	19	7	10	36	14	21	6	9	11	15	26	19	24	4	17	15	15	20	17	4	16	35	27	17	32	35	19	17	10	1	23	1	7	
