50	8	1
8
	0	56	1	49	2	86	3	17	4	17	5	84	6	49	7	48
	0	90	1	93	2	61	3	20	4	76	5	56	6	41	7	9
	0	53	1	16	2	10	3	79	4	37	5	10	6	16	7	20
	0	61	1	18	2	74	3	15	4	85	5	41	6	43	7	26
	0	31	1	99	2	12	3	9	4	33	5	63	6	30	7	53
	0	31	1	2	2	44	3	46	4	69	5	61	6	74	7	61
	0	33	1	63	2	6	3	73	4	8	5	38	6	11	7	94
	0	59	1	68	2	95	3	41	4	41	5	71	6	65	7	25
	0	32	1	95	2	26	3	62	4	87	5	54	6	1	7	15
	0	27	1	69	2	75	3	54	4	41	5	53	6	70	7	53
	0	22	1	8	2	35	3	94	4	24	5	55	6	66	7	13
	0	45	1	79	2	59	3	64	4	34	5	14	6	70	7	3
	0	25	1	40	2	18	3	7	4	95	5	9	6	1	7	11
	0	44	1	99	2	45	3	73	4	8	5	86	6	69	7	61
	0	86	1	54	2	87	3	69	4	1	5	13	6	22	7	56
	0	84	1	53	2	56	3	10	4	79	5	26	6	98	7	36
	0	76	1	38	2	78	3	70	4	71	5	83	6	72	7	21
	0	48	1	94	2	43	3	30	4	85	5	14	6	11	7	64
	0	90	1	3	2	53	3	27	4	55	5	65	6	19	7	1
	0	43	1	95	2	78	3	9	4	92	5	57	6	89	7	3
	0	50	1	90	2	98	3	80	4	32	5	28	6	55	7	21
	0	3	1	57	2	60	3	52	4	88	5	88	6	37	7	39
	0	100	1	59	2	24	3	96	4	2	5	66	6	97	7	26
	0	87	1	6	2	14	3	88	4	89	5	62	6	85	7	82
	0	13	1	100	2	68	3	65	4	93	5	97	6	89	7	90
	0	77	1	92	2	88	3	70	4	33	5	62	6	88	7	66
	0	82	1	25	2	91	3	4	4	56	5	67	6	98	7	9
	0	82	1	91	2	56	3	76	4	85	5	94	6	26	7	51
	0	30	1	72	2	79	3	53	4	70	5	44	6	16	7	7
	0	34	1	2	2	17	3	10	4	35	5	90	6	4	7	22
	0	2	1	4	2	43	3	79	4	35	5	23	6	62	7	29
	0	92	1	51	2	94	3	100	4	97	5	6	6	52	7	89
	0	68	1	9	2	21	3	72	4	78	5	21	6	77	7	48
	0	40	1	89	2	37	3	1	4	10	5	24	6	26	7	86
	0	24	1	99	2	72	3	49	4	52	5	85	6	29	7	63
	0	85	1	92	2	19	3	89	4	39	5	50	6	5	7	73
	0	91	1	13	2	84	3	51	4	34	5	83	6	11	7	94
	0	61	1	58	2	39	3	70	4	74	5	17	6	94	7	35
	0	15	1	14	2	68	3	43	4	24	5	8	6	40	7	89
	0	25	1	14	2	21	3	71	4	28	5	81	6	24	7	81
	0	66	1	89	2	61	3	17	4	52	5	80	6	60	7	20
	0	62	1	11	2	14	3	47	4	41	5	23	6	50	7	47
	0	40	1	51	2	22	3	88	4	67	5	44	6	36	7	86
	0	78	1	23	2	91	3	74	4	78	5	50	6	51	7	92
	0	57	1	38	2	40	3	98	4	48	5	68	6	63	7	7
	0	9	1	51	2	52	3	58	4	29	5	95	6	33	7	2
	0	65	1	13	2	25	3	13	4	97	5	47	6	58	7	31
	0	10	1	20	2	20	3	27	4	6	5	13	6	26	7	84
	0	32	1	64	2	13	3	23	4	39	5	99	6	63	7	31
	0	67	1	81	2	44	3	33	4	51	5	85	6	85	7	76
SSD
M0
24	2	22	22	14	34	23	2	20	5	22	25	14	10	20	18	27	35	21	10	19	13	48	29	2	3	28	18	12	24	18	23	29	13	19	7	28	25	20	33	23	24	8	35	29	13	16	12	22	24	
2	8	18	2	6	3	39	13	19	33	21	11	28	18	19	37	15	23	7	31	26	12	17	27	27	11	6	17	8	13	4	9	1	21	15	19	14	6	32	23	25	9	37	1	28	24	8	37	16	35	
35	25	6	25	19	29	17	40	4	23	9	11	19	1	28	11	26	8	15	34	14	26	32	13	4	25	30	16	22	8	18	8	37	9	34	13	24	24	8	5	25	24	21	43	20	30	18	40	24	30	
9	22	15	29	21	20	21	37	30	19	32	22	16	4	27	18	26	2	15	21	37	23	32	38	30	4	44	7	19	33	15	20	22	20	18	18	2	22	3	1	3	6	23	13	6	35	13	36	16	39	
25	17	15	15	16	39	4	20	13	27	15	17	8	12	13	12	6	36	6	35	7	6	36	7	16	2	32	11	3	19	10	13	22	32	18	14	20	4	15	2	37	12	25	28	11	30	14	31	13	25	
38	27	28	32	17	29	5	18	26	29	7	16	37	13	26	3	31	24	14	45	33	19	24	35	22	27	30	24	24	21	20	18	26	38	13	8	15	13	21	13	26	13	31	11	5	28	24	31	28	19	
43	19	26	17	18	26	20	31	25	29	29	19	12	21	27	22	23	9	15	39	34	20	34	35	35	19	45	25	14	22	12	17	2	30	20	27	22	16	13	13	3	18	35	19	20	32	16	35	3	11	
35	22	19	27	11	28	26	4	29	10	11	25	13	12	37	47	30	13	25	14	44	30	21	34	6	5	28	15	21	38	22	27	13	25	16	32	1	31	12	5	18	4	25	42	29	36	19	40	29	38	
36	20	16	10	36	45	26	18	18	10	20	27	37	17	18	45	22	7	38	34	32	11	39	20	37	27	14	16	39	12	35	2	1	36	17	5	12	4	28	37	24	21	23	33	17	42	19	24	20	17	
2	31	21	32	28	43	31	29	6	16	30	23	21	31	32	15	23	32	25	29	33	25	27	2	11	32	31	17	31	34	27	14	3	32	15	33	5	21	24	1	1	33	27	5	6	32	6	8	34	7	
9	3	12	7	11	3	1	32	25	26	27	6	26	2	25	33	7	25	13	35	32	18	40	33	33	17	10	5	14	15	10	15	34	44	29	17	9	24	33	14	37	16	42	35	39	29	14	17	27	18	
3	17	28	8	20	16	31	36	3	8	8	21	22	3	25	35	18	39	3	20	18	22	11	4	10	21	36	27	6	8	14	19	14	18	29	29	18	30	29	36	7	20	14	31	26	3	18	15	31	14	
18	16	19	23	15	25	30	30	20	14	7	16	17	23	24	42	20	12	12	2	9	17	39	1	19	16	16	5	13	33	9	14	12	37	21	8	19	29	20	19	34	15	31	16	37	28	13	6	26	4	
29	34	30	12	25	18	3	26	5	17	9	36	6	19	41	12	16	7	32	16	7	34	30	31	32	12	29	32	33	45	29	23	4	16	32	28	30	20	1	25	36	25	15	4	18	29	33	17	19	35	
13	23	22	26	14	28	26	21	20	21	3	13	7	19	20	37	31	3	23	29	34	13	8	21	37	27	5	8	18	2	20	25	26	24	33	21	18	25	24	8	33	26	13	35	12	9	11	23	22	10	
17	17	18	20	14	26	14	32	21	18	27	17	25	8	17	24	21	17	13	1	8	18	14	14	33	17	26	23	14	26	10	15	23	21	2	4	20	6	22	34	39	16	17	23	25	6	10	28	14	17	
19	12	23	19	15	4	13	31	24	26	15	16	24	23	17	34	20	18	10	22	31	17	19	32	14	11	27	1	13	2	9	4	32	28	27	22	19	29	37	31	15	14	42	34	38	29	13	36	26	12	
31	10	17	17	9	26	2	25	18	7	15	10	36	17	15	1	4	8	6	11	9	11	5	26	26	10	10	8	7	22	3	8	27	23	22	18	13	23	15	1	27	9	36	28	16	23	7	31	19	34	
26	24	15	18	23	6	6	20	13	27	9	24	12	12	13	36	28	19	20	29	27	6	16	10	16	10	19	11	16	22	17	22	16	33	12	14	27	13	20	22	8	23	13	4	37	37	7	31	15	31	
30	9	16	3	8	26	24	24	16	14	1	9	35	9	17	40	13	39	2	13	18	10	32	25	20	9	33	15	6	7	2	7	26	35	21	17	12	22	26	3	27	8	35	27	32	20	6	31	19	17	
3	8	23	22	15	19	2	31	24	38	26	16	18	21	24	38	17	29	12	36	28	17	22	14	3	16	17	20	13	32	9	9	26	24	28	24	6	25	28	33	24	10	38	16	5	29	13	38	26	12	
34	19	6	33	22	31	29	11	4	18	6	19	37	3	4	35	19	27	36	30	18	39	44	13	30	38	38	2	33	36	38	38	13	34	17	5	37	9	17	23	46	33	39	19	34	38	19	22	6	22	
17	11	13	14	4	10	5	18	7	6	5	11	25	10	11	2	15	14	7	3	25	4	2	20	18	9	36	4	6	10	4	9	20	21	23	12	14	1	8	30	33	10	6	26	25	6	8	29	13	17	
1	13	6	6	4	16	19	14	16	13	29	19	8	20	27	6	23	31	14	21	33	20	23	19	7	1	33	24	16	21	12	8	18	16	29	27	3	11	10	12	28	18	21	33	12	1	11	24	29	8	
34	10	17	8	9	32	26	25	10	31	20	10	2	17	18	37	14	26	6	29	25	11	33	26	17	10	13	4	7	24	3	8	27	8	22	18	13	15	31	33	8	9	31	28	39	23	1	30	20	31	
19	15	22	22	14	6	14	30	6	37	3	15	8	22	23	40	6	9	11	23	7	16	24	30	12	15	21	21	1	32	8	13	28	32	27	23	18	11	36	12	33	14	33	26	19	25	8	32	25	24	
33	9	9	15	8	31	28	6	17	31	17	9	40	16	14	15	13	13	5	29	24	10	32	25	25	9	9	15	6	25	2	3	17	37	11	17	12	17	24	19	31	8	21	27	38	22	6	35	19	23	
14	5	28	22	20	27	4	25	18	15	15	21	20	7	23	19	25	23	12	3	36	19	6	21	31	17	38	23	18	23	14	19	20	18	26	21	3	7	8	32	40	20	4	29	25	3	18	29	28	14	
29	3	36	18	30	47	22	12	9	27	39	33	19	25	33	22	25	34	29	41	4	34	40	16	12	33	24	3	15	7	26	31	29	18	44	32	23	10	11	25	33	3	33	32	10	21	26	42	22	15	
14	1	15	3	7	30	20	18	1	16	17	8	23	15	16	1	12	25	4	3	17	9	8	22	24	8	12	14	5	24	1	6	21	19	17	15	11	4	12	5	3	7	27	18	29	4	5	2	18	11	
29	5	12	12	4	27	38	20	13	27	15	5	36	12	13	37	9	36	1	25	20	6	28	21	21	5	32	11	2	22	18	3	22	33	17	13	8	18	26	28	27	4	31	23	34	18	2	31	15	29	
24	3	19	21	14	30	32	15	10	2	9	15	32	15	17	37	1	37	2	8	25	10	7	26	26	15	5	15	5	29	8	13	26	23	16	3	18	14	30	25	2	14	13	32	11	13	2	21	19	24	
19	12	20	47	28	6	20	25	18	13	20	5	9	17	18	25	20	4	36	34	32	11	27	27	44	23	16	9	24	20	38	16	27	10	31	10	45	23	31	1	16	23	27	33	6	28	12	36	20	24	
2	11	18	1	6	11	40	26	5	17	21	9	27	18	6	3	15	6	7	15	26	12	23	11	27	11	5	16	8	28	4	9	16	7	15	19	10	23	30	34	22	4	37	15	38	8	8	37	21	1	
14	8	15	11	35	27	23	25	14	30	20	20	33	17	18	31	17	26	8	14	32	11	14	27	18	15	24	16	29	32	29	9	27	33	17	19	5	23	18	9	39	11	27	33	35	18	20	2	9	29	
21	12	14	17	11	12	28	19	12	20	5	12	17	11	12	3	16	13	8	3	6	5	33	20	28	12	10	10	1	29	5	10	21	21	24	6	15	13	4	4	21	11	2	12	2	20	9	9	14	30	
41	15	32	23	24	37	17	15	25	20	12	25	17	17	25	47	29	29	21	36	37	26	23	37	2	7	28	3	22	37	18	18	34	12	35	33	16	23	4	28	17	24	26	23	21	30	6	39	2	38	
23	27	18	25	26	36	37	6	16	4	18	17	5	15	1	45	31	5	23	16	12	9	21	1	4	15	25	14	24	11	20	25	13	21	25	3	30	21	29	12	25	26	23	24	37	39	18	18	18	34	
30	23	14	13	22	35	25	22	31	1	26	23	22	20	31	39	27	24	19	17	38	24	14	22	39	23	46	17	20	29	16	7	31	2	28	31	26	4	8	9	21	10	7	25	2	36	20	36	9	24	
5	26	23	38	13	17	32	24	15	27	31	31	42	21	14	21	25	29	22	8	43	27	37	37	33	31	22	13	28	8	24	29	20	18	25	34	34	30	11	21	26	30	27	27	4	34	21	10	28	20	
13	11	11	18	10	10	9	2	9	23	11	11	28	8	1	30	1	26	7	31	23	2	1	18	13	11	38	7	8	28	4	2	18	28	17	10	14	5	18	24	14	10	6	24	35	21	8	2	11	27	
14	11	5	39	8	28	21	4	8	26	10	3	23	11	12	43	4	33	2	38	4	5	1	21	32	2	12	6	33	23	37	21	1	42	24	13	18	17	25	31	42	21	7	9	8	33	13	9	14	30	
21	14	23	32	10	36	12	17	14	4	26	28	31	16	27	7	31	8	2	18	34	20	40	28	16	28	28	25	16	13	21	26	12	32	2	28	22	32	32	7	8	27	15	19	34	30	25	16	6	36	
20	17	5	3	4	16	39	27	3	11	27	13	28	24	25	29	9	34	13	29	19	18	32	27	19	17	33	15	2	29	10	15	22	20	29	25	20	22	3	27	4	16	21	8	1	9	14	29	16	20	
32	26	6	12	34	26	9	25	18	21	1	29	4	17	18	29	30	27	36	31	32	11	34	24	39	2	21	16	32	11	33	27	15	7	31	8	13	2	5	29	4	3	27	13	22	26	31	26	20	22	
2	5	16	13	8	31	29	24	6	3	19	9	10	16	17	23	13	32	5	11	24	10	32	9	19	9	36	15	6	11	2	7	8	6	19	17	12	22	23	31	31	8	35	23	36	21	6	35	19	2	
15	18	29	24	21	41	28	37	5	4	32	21	18	29	1	9	16	19	18	24	4	23	43	22	19	7	44	21	19	24	15	20	19	19	31	30	25	3	14	30	32	21	9	36	2	4	19	26	29	15	
2	25	3	32	24	35	21	21	4	22	16	25	26	13	14	26	5	14	7	34	23	7	35	23	13	25	36	12	22	24	18	22	23	23	5	15	28	14	6	12	34	24	15	29	23	14	22	31	16	23	
17	16	1	35	39	28	24	36	4	28	6	14	38	28	29	41	20	7	22	33	31	22	6	35	28	3	15	1	37	16	33	12	14	21	20	30	37	9	12	3	36	37	30	12	29	29	17	5	31	29	
30	7	5	17	9	9	3	25	11	1	20	6	2	17	15	12	14	39	6	29	25	11	19	15	8	10	10	5	7	4	3	8	27	29	22	13	6	23	27	29	18	9	33	25	27	23	7	33	20	31	
M1
5	10	17	14	17	8	24	33	18	14	15	21	21	8	24	24	5	18	24	6	1	14	7	2	11	4	24	17	21	2	10	11	8	21	15	5	10	21	29	19	4	6	9	16	18	12	24	20	16	20	
15	24	4	6	30	29	18	17	15	18	2	6	15	25	11	30	25	15	11	5	15	9	5	25	1	12	1	22	37	26	31	30	24	15	21	18	10	12	8	25	19	31	12	34	19	16	38	16	13	24	
28	11	29	5	34	20	27	28	22	23	20	24	20	19	36	26	28	6	16	12	5	2	20	21	8	23	1	4	18	25	31	23	8	20	24	28	2	6	25	17	25	23	9	26	6	20	29	20	27	16	
10	27	19	27	34	13	4	17	3	13	29	38	18	17	22	26	33	21	14	37	18	13	19	17	16	16	26	23	16	33	27	6	36	18	7	27	8	36	38	23	18	8	23	14	15	24	14	31	6	22	
14	19	19	15	12	17	19	2	20	6	14	16	23	11	20	12	14	26	22	15	15	17	16	1	19	16	8	26	17	11	5	20	5	3	13	14	9	16	22	1	9	16	20	12	10	18	19	17	18	4	
33	14	7	28	40	8	37	23	30	12	14	35	25	37	39	31	36	10	23	35	27	25	28	16	1	1	24	27	19	36	41	1	31	27	5	12	23	24	36	20	3	41	24	10	13	33	20	31	33	28	
15	10	1	22	8	25	7	45	19	5	31	31	4	28	23	25	17	23	8	18	12	15	13	33	22	18	12	21	24	14	22	15	20	11	31	17	19	12	18	31	24	19	4	2	16	14	35	32	28	14	
13	31	8	20	11	15	18	10	19	5	21	15	3	7	17	26	13	27	21	14	5	10	2	28	18	15	23	22	26	10	4	18	16	25	22	3	25	21	25	13	20	15	17	11	6	20	17	1	24	3	
14	7	25	9	10	16	10	41	14	26	16	20	7	23	6	22	19	28	3	28	7	7	8	17	19	6	1	16	17	32	26	19	4	7	23	20	24	1	30	3	8	19	10	28	8	13	21	15	15	21	
11	23	10	15	18	8	25	33	10	11	15	21	26	17	17	13	11	20	24	12	24	22	13	2	2	11	20	23	21	8	11	11	14	7	15	11	26	20	29	5	2	13	11	18	19	18	12	5	19	23	
11	14	31	28	20	26	36	33	12	8	26	27	5	15	24	20	15	5	1	18	5	36	6	26	21	25	15	12	27	32	37	20	14	5	24	8	36	2	28	32	29	29	2	30	9	11	28	9	23	19	
4	28	18	27	18	21	27	20	26	22	26	1	12	22	22	33	13	5	21	14	19	3	15	29	23	15	33	14	19	10	18	22	16	25	27	13	31	3	30	27	20	15	12	8	26	20	19	19	23	36	
28	24	7	17	18	27	10	29	21	27	11	14	15	1	29	27	28	2	11	29	15	17	16	24	10	30	24	25	37	25	23	30	24	15	20	19	25	21	7	27	30	9	21	10	11	21	38	28	15	29	
20	4	28	27	1	19	25	22	11	22	11	14	6	17	9	21	20	16	2	20	6	1	6	27	22	22	17	8	16	17	11	22	23	5	13	20	4	21	25	19	24	3	20	18	7	12	29	9	1	18	
19	28	13	19	14	12	10	31	26	21	28	21	28	16	29	32	19	24	27	20	9	30	21	30	15	14	30	3	31	16	10	15	22	28	12	13	11	34	19	19	17	21	25	17	18	11	29	3	7	25	
26	20	30	29	22	21	32	45	4	34	28	21	11	27	37	29	3	33	7	32	11	35	12	15	3	18	24	15	33	28	36	24	34	11	14	31	42	38	34	32	21	33	13	7	15	16	34	30	29	25	
8	27	21	15	3	12	21	30	24	25	14	6	27	21	5	37	2	24	23	10	27	21	22	1	15	15	4	16	3	28	34	15	22	27	5	26	4	17	27	19	9	24	24	24	12	1	23	5	7	18	
28	21	23	21	19	14	16	21	9	28	22	26	26	8	8	5	5	24	22	29	15	24	24	23	7	17	9	10	3	25	28	17	10	23	21	28	24	18	7	3	2	25	24	15	23	24	21	22	30	8	
37	10	31	32	40	31	32	48	8	25	22	33	1	17	46	19	31	24	31	22	1	36	2	41	17	21	14	16	23	34	33	34	40	1	20	34	32	32	24	28	36	39	31	26	5	7	24	39	19	15	
5	22	7	28	29	23	31	10	5	22	19	4	3	23	12	6	26	28	9	27	6	7	14	22	26	24	7	13	15	23	31	22	29	13	28	13	6	22	5	21	5	15	18	28	17	19	28	27	31	20	
19	20	27	22	31	19	5	40	16	12	21	16	23	30	31	34	19	11	30	20	20	28	8	8	22	21	3	17	26	16	24	22	16	29	12	15	30	22	8	32	16	21	13	30	6	25	30	5	22	16	
11	28	10	18	9	16	4	34	24	8	26	13	14	6	11	24	11	22	19	12	23	28	13	24	11	8	19	1	27	8	2	6	14	15	8	11	8	4	7	11	5	13	17	5	10	18	27	11	16	22	
24	21	26	35	9	32	2	8	34	33	33	5	28	7	31	24	24	4	33	25	30	9	12	24	30	7	27	25	23	21	29	35	21	19	31	24	21	25	7	30	19	26	24	25	21	24	21	33	9	24	
17	21	21	8	19	17	30	32	27	23	7	31	20	28	20	35	26	20	16	27	20	14	21	25	15	20	26	27	13	23	27	20	19	20	24	21	34	17	39	34	2	28	17	19	24	26	16	23	11	19	
29	9	28	27	27	19	29	25	5	27	25	29	13	26	23	19	26	14	9	19	13	13	14	20	16	12	11	8	26	26	20	10	13	6	5	20	40	21	23	19	15	1	35	27	13	4	36	15	31	27	
13	26	5	19	11	21	8	34	26	15	18	12	22	10	4	9	13	21	21	14	25	23	15	5	14	2	22	10	14	10	4	13	16	6	28	9	23	27	19	13	13	15	18	11	12	20	21	28	22	30	
14	32	26	21	12	22	19	26	18	15	29	3	7	11	33	27	14	29	22	4	5	27	16	24	22	16	13	26	23	11	5	15	17	16	26	11	16	1	37	14	9	16	20	12	13	21	17	29	14	30	
26	40	26	1	32	27	8	7	22	27	18	19	23	31	37	30	26	18	27	27	25	6	3	28	13	7	33	35	28	23	25	21	15	28	26	11	14	28	28	29	11	15	13	12	17	33	14	27	3	22	
18	24	29	18	25	27	28	7	22	1	10	29	11	24	30	23	1	23	11	22	15	14	16	4	15	23	7	19	23	18	18	30	24	12	14	21	31	20	25	27	12	23	18	15	6	10	8	27	21	29	
1	25	18	15	13	9	20	31	14	10	16	17	18	12	25	21	1	16	21	2	14	20	3	17	12	3	21	13	17	12	6	12	4	17	16	1	23	26	25	15	8	3	21	12	14	8	30	16	12	33	
5	23	22	12	3	13	10	35	18	7	20	7	14	2	24	18	5	20	13	6	17	24	7	21	13	7	21	17	21	2	10	12	8	17	20	5	26	20	29	5	12	7	11	3	4	12	23	20	16	23	
5	8	10	28	26	1	24	24	27	15	17	30	18	9	19	7	14	13	17	15	21	28	16	19	4	4	27	26	22	11	19	4	17	15	8	10	13	27	38	22	6	16	11	13	16	16	4	29	25	27	
22	19	12	5	29	3	18	28	6	17	3	7	12	10	23	9	26	15	8	23	1	17	10	4	6	6	24	23	4	26	25	6	25	4	10	14	28	13	27	24	8	6	13	15	16	18	25	3	11	26	
14	11	29	10	15	22	22	39	12	17	2	19	5	14	34	22	14	14	1	2	4	27	6	30	21	16	18	9	27	11	8	24	17	5	11	3	36	4	21	17	3	16	12	15	9	11	18	19	5	19	
8	19	25	22	18	16	25	11	17	17	20	22	10	17	3	28	8	23	6	4	10	27	10	24	19	10	23	15	24	5	11	19	11	3	23	8	27	30	32	15	15	10	23	18	14	15	23	23	19	24	
16	5	27	28	19	19	14	33	13	7	27	21	1	6	15	24	16	7	2	17	6	35	7	32	22	9	1	21	14	13	12	22	19	6	22	3	7	7	29	21	23	18	27	7	10	12	15	19	16	20	
15	20	15	20	20	6	29	13	7	8	22	21	21	4	21	20	15	16	17	16	16	15	5	19	9	9	16	8	16	12	20	9	18	21	9	15	8	16	23	2	11	9	32	11	21	20	20	12	26	1	
15	20	26	14	15	18	2	29	22	18	2	14	15	20	19	30	4	15	11	16	15	31	8	22	6	17	25	22	8	12	20	21	18	15	25	15	3	12	28	18	14	14	6	25	17	21	14	4	25	17	
7	25	22	17	16	15	26	34	13	16	16	23	7	18	10	27	7	22	12	8	9	23	9	3	9	9	27	4	22	4	12	18	10	16	16	7	8	25	21	10	10	9	3	18	20	3	25	22	18	22	
20	4	14	4	6	26	24	29	25	17	19	18	18	17	5	33	2	27	28	21	6	16	7	36	8	2	31	28	26	17	11	10	23	8	14	12	7	1	43	20	19	22	26	18	6	21	4	32	23	4	
22	9	3	23	32	18	29	25	6	32	21	25	7	17	31	27	16	22	5	30	9	2	3	22	21	21	20	5	4	31	25	21	9	9	25	32	21	12	13	27	23	9	28	30	13	10	32	21	27	22	
17	23	16	24	15	7	19	17	1	15	23	19	4	14	11	7	14	2	23	18	2	21	19	25	10	10	7	29	28	14	8	10	20	27	14	17	28	22	30	7	12	19	23	15	5	24	25	32	19	25	
25	9	16	22	23	7	1	9	27	10	23	27	15	15	31	13	25	16	32	24	13	34	27	19	10	10	23	17	28	22	16	10	28	14	14	21	20	27	41	12	12	20	23	14	5	15	24	24	36	14	
6	30	23	7	13	14	18	21	4	15	21	22	23	17	16	26	6	21	26	7	19	25	8	22	17	8	26	3	12	3	11	17	9	3	21	6	28	31	13	20	13	8	15	17	19	13	29	21	17	5	
28	16	27	29	13	21	38	7	14	6	19	31	7	23	31	19	19	9	3	25	7	32	8	15	5	7	20	10	4	25	33	22	15	7	26	5	38	14	27	34	5	30	15	15	11	8	30	5	16	3	
14	13	30	8	23	27	6	18	28	13	22	32	17	17	17	36	9	31	31	4	27	31	8	11	21	27	5	12	6	24	24	27	30	1	17	27	8	26	25	23	14	29	19	20	22	4	8	17	3	2	
21	24	25	27	29	16	7	12	21	18	2	37	1	9	19	27	22	10	11	17	15	35	16	34	19	19	25	22	37	19	27	19	24	15	22	18	30	12	38	9	15	11	12	22	3	21	4	19	12	27	
6	18	2	20	16	14	25	36	19	4	21	17	14	17	6	22	6	21	26	7	19	7	8	10	17	8	19	1	20	3	11	17	9	22	21	6	20	24	4	20	13	8	21	17	19	13	22	16	17	28	
18	13	35	32	14	26	23	24	18	13	32	30	3	13	32	4	18	33	34	19	30	37	20	25	24	11	38	10	25	15	23	26	20	11	6	12	30	15	8	25	25	20	25	3	31	25	18	17	29	31	
27	27	17	4	29	14	23	10	17	2	14	18	8	8	26	20	27	26	14	24	12	24	19	4	14	10	3	33	15	32	26	3	2	13	19	2	30	16	23	11	5	17	18	26	19	24	3	14	21	29	
M2
31	23	19	33	22	27	11	39	1	32	19	4	46	6	2	36	28	39	29	18	10	42	33	33	25	7	24	25	7	23	2	27	28	13	22	22	8	11	27	25	25	21	28	6	36	27	9	37	27	19	
7	3	27	30	8	3	31	30	4	24	30	34	8	2	29	45	27	1	13	6	25	25	7	30	7	16	18	35	32	23	33	27	15	19	34	2	24	42	22	25	7	2	28	37	27	29	19	18	13	28	
8	40	20	9	30	36	20	39	23	20	23	6	27	11	1	9	14	31	17	27	29	32	29	12	11	32	29	11	30	37	16	5	39	10	27	22	28	35	26	15	19	17	28	26	37	26	8	23	6	28	
19	33	1	20	14	19	3	33	22	19	11	16	33	16	12	20	3	4	26	10	15	32	24	23	18	15	28	17	18	29	27	16	22	21	14	14	15	1	11	17	13	28	3	11	27	20	1	11	5	21	
27	33	32	14	21	22	16	46	24	4	22	30	35	29	36	25	21	35	18	7	28	36	32	18	28	7	22	30	26	3	13	29	35	24	27	24	4	29	26	26	4	19	18	24	13	27	1	23	38	20	
22	23	8	10	18	23	7	29	32	8	15	22	40	2	17	27	26	26	35	14	19	20	3	30	18	19	27	3	22	8	1	23	22	14	13	16	33	38	22	6	31	33	24	15	24	25	26	12	24	25	
28	47	18	16	5	10	17	24	21	21	2	34	42	7	14	33	15	35	22	1	6	35	41	32	9	6	19	8	9	20	30	12	13	30	5	5	21	38	10	8	21	36	31	2	30	12	18	24	23	12	
24	1	38	25	35	18	29	22	2	21	37	47	5	25	8	42	2	25	41	24	29	36	19	27	8	36	32	37	3	22	36	5	21	26	13	22	18	4	38	23	37	27	16	20	29	35	20	23	29	15	
4	20	10	23	12	10	1	31	24	5	9	26	37	14	21	16	1	29	26	6	1	33	6	13	8	13	4	9	8	27	8	15	20	24	7	12	20	43	17	15	13	28	1	9	9	15	25	11	26	19	
23	29	25	23	12	17	1	26	23	10	9	15	8	14	2	40	22	26	29	8	13	19	39	18	16	4	17	15	16	27	11	19	20	12	6	5	28	34	17	15	28	33	38	9	30	1	8	28	23	19	
34	47	35	30	4	23	20	7	20	20	22	18	48	26	22	41	15	13	19	23	26	12	30	34	35	18	4	13	35	19	29	30	32	17	1	18	20	13	21	34	20	35	2	10	26	29	17	39	22	34	
37	25	19	20	9	9	15	25	22	19	2	26	4	19	26	18	24	9	26	22	25	38	29	21	30	11	3	20	25	24	31	10	3	26	5	26	13	6	31	23	25	26	4	23	28	30	22	27	5	27	
16	3	28	20	25	15	21	12	34	19	29	24	13	2	8	19	2	22	19	28	33	24	30	4	23	29	11	33	7	21	36	16	9	6	26	29	31	38	27	1	14	19	44	26	11	36	19	16	26	21	
32	4	29	8	25	14	33	5	33	29	20	26	39	12	31	29	14	7	28	32	45	17	23	34	37	6	26	5	30	7	26	35	38	27	35	26	12	42	26	4	7	37	37	18	8	20	38	34	37	40	
14	10	18	1	34	2	32	27	5	19	20	30	19	19	3	2	13	20	13	37	32	28	14	28	27	24	27	30	11	16	39	33	45	3	7	39	13	43	25	5	15	11	25	25	10	22	19	24	31	17	
19	34	32	23	4	27	24	21	9	20	13	39	20	29	38	34	30	23	10	15	36	2	28	7	26	23	30	38	34	12	11	32	36	17	11	7	20	14	30	23	20	14	34	15	20	28	17	30	22	36	
17	15	24	28	3	22	6	35	15	19	14	32	9	19	24	28	18	15	16	13	13	35	4	15	15	18	31	20	21	18	28	24	18	32	17	12	19	17	22	20	19	15	33	14	28	24	14	8	35	4	
28	13	41	21	18	24	27	9	15	13	34	33	8	28	29	6	10	4	13	31	2	2	4	13	24	22	37	13	29	33	32	25	4	10	27	38	4	31	16	27	1	28	33	10	25	31	28	1	35	21	
16	12	13	28	25	38	29	20	44	22	21	23	32	31	24	31	25	33	27	24	5	11	38	12	27	41	25	28	16	30	39	28	11	26	25	36	39	40	24	6	31	27	28	37	27	23	27	16	29	44	
22	39	29	20	22	9	21	34	15	1	21	31	36	34	5	4	11	26	19	28	32	24	6	4	23	27	14	2	23	4	40	20	33	27	22	29	3	39	27	20	36	19	34	2	29	20	7	21	26	1	
23	45	5	24	13	18	2	28	26	20	10	17	24	15	16	14	17	28	20	9	14	17	10	27	17	14	25	16	17	6	29	20	21	25	13	13	29	46	9	16	29	28	36	10	2	7	19	32	21	20	
20	7	23	15	6	25	19	31	7	22	14	32	5	8	1	28	24	3	10	25	22	25	4	27	4	25	25	22	12	6	31	2	32	23	16	20	22	11	4	10	19	11	34	27	31	18	19	8	22	34	
29	13	14	21	12	17	1	29	21	19	9	30	38	14	3	28	2	8	20	8	13	25	11	5	16	13	26	15	1	20	11	19	20	15	4	12	24	13	17	5	28	20	9	9	17	19	20	31	27	6	
27	30	22	2	14	19	3	26	25	1	11	22	36	16	17	15	12	29	1	10	15	6	12	20	5	15	11	17	14	15	33	21	15	18	14	14	13	23	14	2	27	1	40	11	11	21	1	17	8	21	
34	33	32	17	28	22	24	2	4	16	12	23	44	24	25	11	17	33	15	25	31	27	33	7	25	4	12	30	5	16	13	24	35	18	9	2	34	20	35	9	27	13	16	29	26	24	22	2	27	32	
27	9	28	26	15	11	4	34	31	14	12	20	45	17	24	4	25	23	31	11	16	31	16	30	19	16	29	18	19	13	40	18	23	29	2	8	18	1	20	14	31	39	6	12	30	6	28	34	31	22	
5	33	23	10	32	20	21	33	7	23	2	30	37	30	14	23	9	35	30	14	31	38	17	21	18	18	34	32	10	35	18	31	32	5	9	32	14	33	13	11	13	36	11	1	10	17	29	33	9	31	
28	41	10	16	3	24	31	15	20	1	7	24	31	9	21	21	8	34	22	22	32	32	25	24	31	6	17	2	32	18	11	13	6	18	24	30	19	10	6	24	19	1	22	33	19	23	13	10	3	16	
13	37	3	19	34	30	23	35	18	15	18	19	21	16	14	22	12	23	22	30	32	37	16	21	24	8	24	24	31	32	15	6	13	23	22	15	30	12	18	28	9	30	9	31	33	28	21	36	1	7	
30	36	12	16	1	2	28	35	9	17	35	10	15	30	23	5	1	36	21	19	36	31	31	11	13	20	2	33	6	16	26	27	40	16	11	8	8	30	6	24	17	22	13	24	22	25	14	10	28	16	
29	28	36	19	31	36	20	19	36	4	28	7	17	33	29	30	1	34	6	27	22	23	2	3	22	16	8	34	9	32	22	18	32	16	1	31	11	30	28	13	11	14	35	28	11	38	1	30	25	27	
16	40	21	40	44	44	39	13	41	10	46	22	22	8	32	9	12	44	31	39	47	27	34	41	16	7	6	14	5	37	33	33	9	41	34	32	8	23	15	41	43	43	31	31	27	36	18	33	37	2	
34	15	16	27	14	14	16	1	34	30	24	8	41	29	4	13	35	37	23	23	25	27	34	22	31	28	31	3	5	17	7	7	1	11	27	27	7	8	15	11	28	33	35	24	22	6	22	20	32	12	
37	14	27	25	14	19	3	14	29	30	11	34	31	2	15	28	12	40	22	10	15	26	22	39	5	4	28	17	18	11	33	9	5	8	14	14	15	24	9	17	17	13	15	11	34	21	9	17	29	21	
16	15	36	34	46	13	35	7	30	20	8	24	48	28	12	37	43	48	35	24	37	11	38	43	4	30	36	12	16	30	37	14	46	31	11	25	37	4	25	49	24	28	16	43	30	23	7	15	22	31	
31	27	22	24	23	1	34	12	7	6	19	19	31	3	24	26	9	37	25	15	17	38	21	30	28	21	24	38	28	5	23	6	34	22	30	30	24	40	28	34	16	44	34	35	6	11	3	24	9	11	
26	28	8	8	20	21	15	33	13	27	23	23	7	24	19	24	20	39	25	22	27	24	35	17	29	27	6	4	25	2	28	23	25	4	26	2	5	27	25	26	29	22	23	23	27	31	17	29	24	32	
37	31	29	9	34	12	28	6	28	38	2	37	40	36	3	33	16	38	8	6	40	34	6	31	22	40	1	36	1	38	30	39	21	11	34	14	34	19	36	13	17	46	36	7	13	34	9	39	24	35	
41	39	26	41	26	24	33	27	26	36	6	41	37	7	7	31	39	17	4	27	14	3	18	25	5	36	18	41	27	23	12	11	26	17	14	11	22	1	11	38	15	15	3	27	27	18	33	8	39	35	
14	25	29	28	22	23	15	3	24	4	23	31	24	20	6	4	22	6	27	13	27	6	25	32	12	27	23	29	27	4	44	20	34	2	20	26	29	17	25	29	4	12	29	23	8	30	35	28	37	24	
24	13	20	20	13	20	4	15	11	5	10	30	8	17	24	33	19	41	19	9	16	2	26	4	19	5	7	7	19	18	14	6	23	2	15	15	29	41	20	18	28	19	27	10	29	22	19	34	9	22	
35	32	27	32	12	18	21	14	16	13	25	35	27	34	24	30	11	19	7	28	17	17	29	24	25	31	2	19	22	27	22	13	35	3	32	17	28	43	37	9	28	13	34	29	26	13	25	2	14	12	
27	26	28	21	19	24	8	13	35	13	16	32	42	21	16	34	20	15	3	15	16	40	46	20	23	20	33	17	23	17	36	22	8	1	4	19	16	37	12	17	35	35	24	16	2	5	21	38	37	10	
38	31	34	12	14	40	27	11	43	30	32	27	10	13	7	34	14	31	17	17	35	25	27	28	28	13	33	20	1	29	19	27	37	34	26	22	20	15	26	26	8	20	19	33	29	1	27	5	28	16	
33	11	24	2	19	2	8	27	19	28	16	30	42	21	28	9	25	25	14	15	20	15	11	35	23	20	33	22	23	28	17	26	27	22	19	9	35	38	24	3	28	36	14	16	32	26	31	33	14	20	
33	9	21	6	22	12	22	25	8	19	30	9	2	22	28	2	22	13	20	15	34	25	31	5	24	34	24	31	27	5	26	11	29	17	32	24	13	1	28	1	26	20	33	30	2	3	5	3	27	27	
3	7	34	16	31	19	20	27	32	6	3	12	42	33	24	16	29	38	3	4	6	10	6	35	35	25	37	23	12	25	32	16	14	42	22	31	22	36	2	25	6	34	20	28	44	31	22	22	20	1	
13	11	27	24	17	15	6	24	28	33	14	22	24	19	24	43	12	13	25	10	18	45	22	44	3	18	24	16	21	32	13	12	13	10	17	17	33	21	22	18	33	36	43	14	4	21	30	36	27	23	
19	36	1	5	34	17	23	37	4	1	4	8	15	8	12	20	9	21	8	22	18	28	11	8	22	35	15	16	17	18	27	9	21	21	8	14	16	22	36	24	20	23	29	17	33	14	15	34	17	9	
1	31	27	34	19	20	13	20	3	30	17	28	14	9	29	23	19	38	10	20	4	43	6	29	5	25	20	7	7	1	37	6	24	12	24	24	12	22	24	26	14	12	30	21	26	14	32	28	16	31	
M3
28	23	6	25	28	21	17	31	6	13	20	10	22	16	22	29	28	28	31	43	23	15	40	39	11	34	37	12	28	10	7	39	29	15	24	40	18	32	36	24	24	11	25	6	43	40	30	39	12	25	
27	33	23	25	24	28	17	12	28	16	22	40	15	33	20	27	24	39	9	36	34	17	39	24	38	24	7	30	27	20	1	21	29	15	24	39	30	30	28	34	29	23	40	2	36	20	10	7	19	26	
1	20	13	17	14	23	9	18	24	21	14	21	17	25	17	33	30	29	22	19	7	9	25	4	28	23	20	30	5	12	25	38	21	7	18	23	1	9	40	12	2	12	27	24	18	39	27	12	22	15	
26	23	26	15	18	15	7	15	6	19	12	19	27	16	18	6	23	14	10	33	17	30	5	8	32	4	13	24	37	10	10	35	19	5	14	26	23	15	29	20	26	17	40	21	21	25	9	21	21	16	
24	15	27	19	20	13	11	23	7	10	16	29	19	26	17	30	15	6	6	30	8	12	22	19	5	18	1	24	31	2	27	42	23	9	16	13	24	15	22	28	10	17	35	23	34	47	7	13	7	13	
17	29	18	21	26	14	3	7	14	30	19	2	10	10	31	42	31	17	24	30	13	13	28	2	13	37	25	44	11	16	41	33	19	33	19	6	25	13	38	3	6	12	4	21	28	29	22	25	1	21	
28	22	28	40	21	2	22	24	37	37	36	5	34	43	10	27	3	18	30	33	32	3	33	3	19	12	31	15	9	30	43	14	27	39	23	37	42	20	41	29	10	27	42	42	10	25	11	5	29	8	
1	19	24	24	14	17	29	25	4	31	14	22	23	30	3	34	24	29	10	32	25	27	26	15	10	41	24	30	41	6	1	29	35	32	20	21	19	23	23	14	3	28	39	24	35	25	26	22	29	21	
18	14	23	22	15	4	19	22	13	20	14	16	42	21	34	3	15	30	19	30	26	28	15	18	12	14	14	20	19	26	32	8	24	22	20	14	22	38	25	17	18	23	24	30	6	18	1	22	6	23	
30	4	41	20	27	14	16	25	19	11	21	32	36	10	18	40	27	38	6	35	14	17	19	2	17	23	6	39	22	19	25	41	28	14	1	40	29	30	27	25	28	22	40	15	11	9	13	18	14	34	
25	36	1	11	25	18	20	16	31	27	21	8	9	23	10	10	37	40	26	30	37	14	6	26	39	21	21	20	32	27	25	15	13	29	18	30	42	12	5	16	15	30	19	10	25	29	26	19	33	26	
20	15	24	19	24	13	13	23	36	6	14	11	19	22	2	4	20	15	20	8	41	24	16	29	27	15	15	22	6	2	24	38	5	11	18	15	10	10	17	18	32	24	23	23	19	3	22	27	27	3	
32	24	1	26	29	6	18	27	15	13	18	37	28	34	26	34	21	24	13	14	40	35	36	10	35	25	8	34	16	11	29	16	30	16	2	17	31	26	26	19	18	14	35	30	14	34	15	16	20	26	
41	19	31	11	9	7	3	27	3	15	7	8	23	19	21	27	16	24	24	40	26	26	10	10	23	29	19	16	29	6	21	20	15	1	4	4	8	33	40	5	22	34	30	19	7	25	25	13	13	7	
3	1	26	18	21	24	10	33	19	22	11	9	30	26	16	11	31	18	27	8	12	2	15	22	19	22	22	1	31	13	13	36	22	8	18	31	26	40	10	25	15	31	30	23	26	3	25	19	17	7	
18	26	10	11	22	23	6	30	22	7	1	3	30	8	21	15	22	24	6	30	37	22	2	34	32	1	1	8	37	13	27	32	20	9	20	10	24	25	22	4	23	10	35	18	5	9	8	13	13	28	
23	34	34	11	10	32	13	31	26	29	23	32	38	10	30	32	34	24	25	36	7	31	5	23	19	30	20	30	46	21	7	30	26	16	27	32	24	34	17	5	16	28	38	15	26	39	26	32	26	30	
31	17	10	17	6	10	9	24	4	10	14	36	2	25	15	32	11	21	12	23	23	27	33	19	5	2	7	24	7	4	27	6	11	7	11	23	25	30	28	18	25	23	4	14	23	22	14	11	19	19	
34	27	26	31	7	22	11	30	23	15	13	27	24	26	33	39	16	22	22	13	15	7	22	3	21	34	17	33	31	18	3	14	27	21	22	18	37	31	28	27	8	14	9	31	36	19	23	12	23	10	
39	8	32	19	14	36	19	24	30	12	24	30	24	21	40	17	23	1	29	3	26	22	29	21	28	28	24	11	32	25	26	21	28	32	1	29	22	38	12	18	33	37	33	9	22	11	24	17	24	36	
8	10	21	12	14	33	1	41	30	18	12	12	31	11	32	1	32	16	17	9	5	24	13	13	18	12	12	19	10	22	20	17	14	20	19	1	1	21	30	1	32	21	16	26	16	20	19	24	2	4	
18	12	15	24	19	20	16	35	27	15	21	35	7	29	10	40	7	26	11	16	36	5	40	24	33	20	6	36	12	19	15	20	28	14	16	26	6	30	27	3	28	4	19	7	28	36	5	18	18	30	
5	22	18	14	17	20	6	30	28	18	11	15	26	21	20	3	13	26	19	25	34	29	15	8	8	14	14	21	7	9	24	45	18	4	2	20	22	24	2	17	18	3	19	3	8	22	12	20	20	24	
26	28	9	11	23	24	12	31	14	11	17	34	32	24	20	32	23	10	7	14	31	14	19	16	23	6	2	7	38	15	21	31	24	10	21	9	18	26	19	29	16	15	10	23	25	34	9	14	14	6	
9	16	13	13	28	14	22	24	22	4	17	19	5	24	18	6	21	5	22	26	8	15	18	22	27	17	17	24	8	3	27	23	36	23	14	26	28	12	12	11	26	12	37	22	19	20	23	20	7	18	
22	21	18	4	16	19	5	29	25	15	10	14	10	21	23	25	6	22	2	31	31	28	22	8	10	20	25	24	11	8	20	33	17	3	12	12	8	32	33	28	9	31	31	1	30	24	28	27	19	10	
20	22	34	14	17	18	6	25	17	5	11	33	26	22	16	30	17	28	1	25	32	23	30	31	31	13	26	37	32	9	22	39	18	4	15	32	19	20	17	23	18	12	30	18	30	44	3	8	8	24	
36	29	2	30	33	7	3	4	17	21	27	7	11	38	31	26	22	18	17	32	46	6	29	28	7	29	12	26	12	16	33	10	28	20	20	18	30	8	33	23	24	9	3	34	31	27	19	24	24	18	
25	2	12	12	24	15	5	32	3	12	11	13	6	7	3	13	24	26	8	27	35	24	25	23	5	5	3	15	17	16	20	29	25	11	15	28	18	14	19	21	19	19	22	24	6	29	10	10	15	31	
27	3	15	8	24	1	13	11	29	27	20	31	7	14	5	18	8	37	11	28	40	22	20	22	15	27	19	29	30	25	24	30	33	23	16	26	39	38	33	32	31	20	25	19	28	37	10	23	31	5	
36	13	22	14	12	27	11	27	25	8	13	29	14	10	14	28	16	27	27	24	25	20	29	17	17	2	22	31	18	21	17	37	6	16	18	10	5	26	28	20	10	18	46	35	10	14	28	8	28	21	
36	21	28	26	10	28	24	39	12	8	19	12	33	26	24	8	3	24	5	45	27	31	4	10	24	18	19	26	27	21	23	2	1	27	2	28	42	34	38	22	29	28	29	36	2	11	26	31	26	20	
20	18	12	27	24	23	7	22	5	22	4	19	21	22	27	6	3	11	22	1	30	32	18	19	37	14	17	19	16	12	36	14	9	22	11	10	4	41	22	19	20	22	36	19	10	21	21	21	6	21	
41	17	29	9	12	15	1	25	25	13	6	28	21	17	19	25	22	23	25	42	29	24	25	32	26	28	21	41	31	4	19	44	13	1	10	34	17	33	42	39	20	32	34	33	29	44	24	23	15	19	
31	28	7	2	23	26	9	23	23	24	17	18	32	28	11	21	6	31	27	38	34	10	22	14	35	21	30	12	40	15	27	11	24	10	14	14	28	32	36	14	31	34	27	28	5	11	14	34	17	30	
19	12	42	13	16	34	20	37	10	25	25	15	37	13	18	28	9	14	4	4	3	2	21	34	5	32	26	24	41	23	26	21	25	18	14	28	35	24	25	31	35	17	21	12	16	23	2	23	32	4	
31	23	25	26	2	24	22	34	18	21	14	24	17	18	28	19	18	17	17	31	19	3	1	30	13	11	12	29	7	13	38	9	11	20	26	24	20	26	33	22	5	15	2	32	21	35	18	24	18	5	
30	8	18	8	7	28	27	38	10	21	19	1	21	6	15	22	27	22	9	32	24	6	28	31	21	27	17	24	41	17	16	19	36	25	22	17	15	17	37	22	15	33	18	1	20	10	13	5	9	5	
46	28	40	5	34	1	6	35	4	32	32	38	32	2	2	25	43	21	19	11	35	37	25	19	38	2	31	31	13	30	22	14	25	25	21	34	14	35	12	22	39	25	15	18	5	30	29	37	20	3	
15	35	35	11	30	3	13	3	3	35	21	19	40	5	20	18	23	8	17	18	15	28	30	34	27	11	29	32	4	28	30	33	37	23	28	21	10	28	24	7	29	38	42	4	33	16	16	37	39	39	
9	27	15	24	3	20	16	34	19	15	21	2	7	23	14	20	19	18	3	28	5	15	6	16	17	23	6	35	30	14	32	30	28	14	16	13	29	8	27	2	22	8	19	17	28	24	8	18	18	2	
27	11	23	29	21	12	33	12	32	5	35	20	15	33	32	24	7	21	1	12	8	28	5	31	2	24	24	32	24	17	3	25	46	32	6	1	39	26	9	20	1	12	37	3	10	24	26	36	36	7	
34	1	1	27	22	36	11	15	22	18	9	36	26	41	40	31	41	30	26	38	32	30	30	43	16	34	21	29	10	25	22	11	6	23	3	13	41	2	17	26	41	14	8	23	46	25	28	3	27	21	
17	47	12	16	42	43	9	32	37	12	9	33	46	22	5	31	9	42	21	45	38	47	4	27	15	27	25	4	32	38	41	24	22	33	7	23	8	46	38	41	22	38	41	1	38	28	28	28	14	1	
19	27	3	19	25	10	16	11	16	4	14	13	31	32	1	28	23	25	11	35	22	33	4	21	18	2	6	20	10	14	13	31	28	14	22	28	29	14	27	8	28	1	15	28	19	21	13	18	18	2	
27	16	8	21	31	14	26	15	25	23	28	40	3	4	1	29	19	15	23	24	40	32	21	20	6	35	18	19	3	3	3	26	21	26	12	26	3	12	29	14	28	14	28	10	24	34	23	15	16	18	
4	25	27	26	1	23	7	33	17	20	18	17	29	29	27	40	1	16	11	40	18	22	32	29	15	23	11	33	41	12	28	28	10	16	24	22	25	25	32	38	20	20	36	27	14	33	17	8	17	16	
4	24	5	25	28	17	17	32	13	16	4	6	28	32	26	20	28	15	2	36	19	25	8	27	4	18	7	17	38	11	28	27	24	15	12	5	30	19	28	34	15	7	24	15	35	20	14	2	19	26	
34	27	22	2	28	8	14	32	19	7	29	27	31	18	18	23	8	21	27	40	1	40	22	6	17	17	30	30	32	14	27	16	36	22	16	16	1	12	14	27	8	29	7	38	38	39	26	14	2	7	
23	19	5	24	13	17	29	27	29	3	1	8	14	2	21	34	21	8	23	35	25	14	26	11	9	40	23	44	10	6	40	37	35	31	23	4	1	28	4	12	3	26	27	35	4	15	26	34	8	17	
M4
8	1	12	7	33	28	17	42	19	26	36	29	12	31	19	11	7	14	13	21	12	7	9	29	30	30	2	18	5	7	18	19	12	30	1	25	12	7	1	17	4	8	20	3	19	4	7	19	21	29	
27	14	24	2	23	31	24	42	1	14	13	36	9	34	31	6	10	15	33	25	30	36	29	20	18	36	6	26	7	4	4	1	7	31	31	24	24	33	31	19	18	1	29	17	14	35	21	7	35	18	
25	8	27	15	30	20	22	44	3	23	9	12	37	30	25	13	38	27	24	10	27	13	33	8	10	9	31	6	19	28	21	32	37	33	11	31	34	12	3	31	36	31	34	12	5	19	27	31	14	6	
37	23	7	31	20	12	15	43	29	22	29	11	13	16	32	27	1	2	30	39	19	33	26	12	4	43	37	20	8	9	20	18	10	22	31	31	34	27	28	27	26	17	37	17	7	43	16	15	19	32	
8	22	17	13	40	18	32	46	25	33	13	10	20	14	26	36	32	28	20	17	24	31	16	36	8	12	27	25	30	20	25	9	33	37	26	14	14	28	4	10	29	11	27	14	20	20	30	26	29	40	
41	38	44	22	39	39	41	47	29	33	31	33	20	30	36	13	38	10	11	33	25	21	26	4	27	36	30	12	11	23	21	36	33	25	20	42	27	10	32	24	41	20	29	16	36	47	36	30	4	16	
18	13	18	21	8	15	18	38	6	8	23	4	33	25	13	23	8	9	7	20	14	18	3	20	12	44	23	2	27	7	12	13	8	24	14	19	21	15	25	11	6	12	14	16	13	29	15	1	15	18	
28	11	17	9	33	25	39	12	27	31	6	16	17	14	33	18	21	35	32	40	35	2	32	22	25	47	2	25	20	23	1	24	32	20	25	20	32	20	26	28	33	24	4	29	7	33	11	28	14	34	
22	15	20	34	10	20	5	37	19	2	25	6	21	9	26	5	15	11	12	33	3	25	16	21	4	14	25	15	3	8	13	26	10	14	27	10	25	24	21	15	14	12	8	11	25	26	17	3	24	20	
24	21	25	30	35	11	25	42	22	26	16	32	38	9	19	31	14	21	6	17	21	1	9	29	17	4	2	3	30	4	12	19	26	26	18	18	25	21	21	17	28	25	11	24	10	7	2	19	24	27	
21	7	6	1	3	5	13	41	20	14	9	25	20	10	16	7	23	18	10	22	18	21	6	13	27	24	38	17	31	10	15	16	5	27	27	17	15	18	22	6	18	22	17	21	16	26	20	16	4	4	
47	22	32	36	37	3	21	43	25	27	38	17	28	16	42	12	34	36	27	37	43	33	32	39	29	16	28	27	35	19	16	4	31	21	43	17	5	29	3	16	10	27	33	5	9	40	20	28	31	42	
12	17	27	24	33	24	31	19	11	28	34	28	20	19	7	8	1	4	25	6	9	12	21	7	4	26	3	22	34	10	30	21	19	18	25	13	18	9	21	13	26	17	8	21	22	2	33	21	34	5	
25	22	8	20	31	3	26	31	5	23	14	25	27	11	20	14	28	22	10	27	19	9	10	15	12	26	30	3	13	1	19	20	27	17	43	7	10	7	4	18	11	9	21	7	20	38	24	20	7	18	
4	9	27	24	27	22	29	40	3	23	33	26	29	11	14	29	22	1	20	6	1	4	16	9	31	38	23	14	26	2	25	13	11	10	22	5	10	1	22	5	25	28	27	13	21	19	25	26	26	28	
5	23	5	22	16	33	26	23	27	29	42	1	6	22	32	9	17	34	26	39	17	28	22	31	16	24	20	33	27	26	7	18	11	43	23	32	6	10	23	10	6	21	28	23	25	8	29	32	2	18	
8	26	1	27	33	21	17	7	12	1	8	12	32	29	17	19	17	19	31	24	19	22	28	27	24	19	27	27	30	7	37	29	29	20	26	14	28	19	3	1	29	28	5	28	24	29	29	26	30	31	
19	24	28	24	31	23	16	40	18	20	33	9	22	12	14	14	32	5	3	6	16	19	16	24	32	20	38	18	10	7	4	23	17	23	1	5	17	3	24	20	6	24	27	15	26	6	21	25	27	13	
23	5	5	28	21	14	22	33	21	12	27	2	28	13	18	8	17	3	12	25	17	17	8	12	16	1	27	24	34	12	13	2	12	9	13	24	27	20	23	16	16	9	19	15	18	1	19	5	21	22	
25	11	28	25	19	26	3	44	17	19	8	15	38	32	20	34	19	19	14	18	22	25	10	22	6	31	5	13	19	14	19	8	15	31	25	15	22	22	2	18	17	23	4	19	20	30	24	12	25	5	
16	21	31	24	34	29	22	8	2	28	7	19	15	18	11	17	7	13	17	18	13	9	13	18	10	35	32	26	28	14	10	16	9	3	18	17	3	13	11	14	2	21	24	17	14	3	18	23	11	30	
9	14	10	29	28	1	12	30	2	2	22	17	22	2	4	24	27	6	20	11	6	9	20	14	22	9	28	13	23	7	29	16	16	3	27	10	3	6	14	7	21	8	25	17	14	24	18	21	17	13	
13	10	16	33	24	24	14	33	12	15	27	26	28	20	8	38	16	10	2	15	10	13	25	18	19	39	30	23	35	2	7	8	15	19	31	14	19	10	31	6	18	14	9	21	8	28	12	8	13	25	
13	26	11	8	32	31	33	36	29	23	18	14	24	42	40	17	28	24	38	10	35	37	39	10	12	36	10	12	5	24	33	28	8	24	18	35	15	26	7	28	27	35	25	18	28	30	30	16	20	10	
12	14	17	32	3	12	8	37	11	19	31	20	32	19	7	22	20	1	6	14	9	12	2	14	7	16	14	18	29	6	11	5	4	18	22	13	6	9	17	10	17	18	13	1	12	27	16	12	17	4	
41	4	27	21	25	7	33	9	24	22	33	30	9	11	39	1	39	2	10	42	9	15	29	18	19	39	12	12	32	20	22	27	8	14	41	26	16	8	18	37	12	5	30	18	25	15	29	27	26	23	
9	14	4	10	13	13	20	32	3	28	29	18	10	16	4	24	18	6	19	6	6	9	15	14	2	9	15	8	3	7	24	18	2	15	23	10	15	6	27	10	7	31	26	13	25	11	29	25	15	33	
11	15	16	24	19	14	14	38	10	10	25	26	36	18	6	3	15	8	11	1	8	11	23	16	14	5	25	21	33	2	32	16	1	17	4	12	5	8	25	12	3	13	34	17	28	26	17	3	13	20	
23	26	32	15	31	21	17	31	22	4	19	29	1	30	18	23	11	6	18	24	20	21	14	4	33	23	2	19	17	18	23	24	22	29	28	8	18	9	11	22	31	21	17	32	6	8	4	24	22	2	
8	16	22	27	25	30	9	3	18	21	33	8	34	26	14	4	8	16	8	21	16	19	4	24	25	19	12	19	30	8	13	5	21	25	26	20	25	8	26	7	23	15	15	15	14	18	9	14	19	28	
29	6	17	18	19	6	3	24	17	19	18	15	31	16	24	34	16	2	18	31	25	29	14	6	13	45	20	13	37	18	23	24	19	19	20	29	28	26	28	22	12	23	25	27	24	35	26	12	26	24	
26	1	19	31	24	14	24	24	16	15	25	19	24	3	29	25	1	16	4	1	7	20	20	26	4	21	30	14	8	12	9	18	15	5	13	18	21	18	15	20	12	19	31	12	16	2	12	8	18	25	
23	20	26	33	11	10	24	1	12	9	8	34	31	20	18	39	26	10	12	16	20	23	8	28	13	18	40	31	26	12	17	3	25	18	41	21	29	14	25	16	27	16	19	1	16	38	6	18	21	14	
17	13	22	20	25	32	9	39	3	25	31	6	9	22	23	15	25	10	24	30	19	11	20	33	15	28	19	19	35	8	22	3	19	34	31	10	34	9	4	26	23	15	31	33	1	28	5	18	21	17	
11	2	29	20	29	27	13	34	25	28	33	4	16	28	21	30	29	23	15	28	23	26	11	22	32	26	22	12	19	15	20	7	12	32	23	27	32	23	18	19	15	12	20	31	21	32	25	21	26	12	
12	22	21	5	34	28	18	29	32	10	45	23	6	42	33	18	24	31	27	14	25	36	23	18	16	22	11	28	31	7	22	27	30	42	9	1	35	35	13	30	31	12	29	21	2	33	36	23	18	33	
10	14	20	13	19	15	20	22	9	10	22	27	35	4	5	26	15	7	15	12	7	6	11	8	14	35	10	13	25	8	20	19	10	16	25	11	16	7	16	11	14	21	22	5	21	17	15	3	8	10	
29	22	27	32	26	31	18	17	26	17	15	8	18	20	24	35	10	18	18	6	12	2	14	2	3	4	32	28	41	18	23	24	17	31	5	30	19	26	32	19	21	30	5	35	14	38	20	10	28	6	
28	14	31	9	38	27	29	37	11	16	11	36	38	22	23	39	14	25	17	30	25	28	13	21	5	5	33	8	8	13	22	5	27	34	44	29	7	25	34	21	33	4	24	34	5	43	2	23	28	32	
10	9	14	30	24	28	24	23	9	29	22	25	28	17	5	10	22	3	18	12	6	10	22	15	34	5	15	20	32	8	22	19	12	9	28	11	16	7	20	11	28	9	33	8	20	25	24	32	1	18	
10	15	23	30	19	18	4	37	2	20	29	2	34	7	5	29	20	7	10	9	7	10	15	15	17	4	29	4	12	8	2	19	17	15	25	6	16	7	19	11	18	4	7	19	25	25	27	13	22	30	
14	1	23	30	15	32	12	34	1	2	6	24	39	21	9	37	15	11	4	11	1	14	23	8	30	13	26	21	8	12	23	23	14	20	32	15	12	11	16	15	19	32	20	8	31	4	17	21	3	16	
23	16	21	34	2	29	6	42	17	11	9	18	47	20	24	9	16	12	5	1	12	4	17	2	13	45	26	16	41	11	26	27	5	28	28	17	25	26	28	16	15	26	2	7	27	32	18	4	22	21	
11	16	27	31	3	22	35	35	10	30	22	7	3	11	6	33	6	8	27	13	8	11	23	16	7	9	14	21	32	9	32	2	12	16	10	12	9	4	17	6	30	21	34	12	6	26	31	26	26	19	
20	6	3	38	15	24	27	24	19	24	29	24	27	24	15	33	27	3	1	22	17	20	32	25	14	29	37	2	42	18	19	21	19	8	38	21	26	17	22	21	32	33	24	25	19	35	23	36	18	21	
8	13	28	28	20	23	33	9	7	27	5	30	9	12	3	6	11	5	24	10	5	8	20	8	15	23	21	18	26	6	14	17	15	14	26	9	14	5	7	3	19	2	12	17	25	10	8	30	5	32	
25	15	18	34	15	10	26	8	14	17	24	38	40	32	20	12	11	15	14	21	22	12	10	22	28	48	10	9	18	14	18	2	27	31	43	26	1	3	20	18	19	26	10	27	6	4	24	20	23	32	
21	6	11	39	10	24	11	32	10	1	16	23	37	21	18	42	6	2	25	25	20	23	22	28	5	39	16	13	42	21	27	31	1	18	18	24	16	20	18	6	5	22	33	19	29	22	8	20	22	11	
23	21	6	17	32	22	29	30	14	22	5	34	29	11	23	33	31	3	17	30	8	28	13	14	7	11	32	18	25	17	14	6	26	34	11	26	29	25	3	21	30	28	19	26	23	25	27	23	8	33	
17	13	20	27	7	14	16	8	16	19	28	21	2	24	12	24	20	10	6	4	14	17	2	3	23	34	12	9	15	6	6	4	19	23	14	18	5	13	35	9	21	1	13	25	6	9	16	12	17	6	
M5
6	37	29	37	7	26	20	23	9	20	20	19	16	22	1	7	36	26	28	24	22	18	7	16	18	22	26	34	23	25	21	34	37	5	21	21	31	8	30	6	34	15	38	3	21	7	14	29	32	30	
24	9	36	19	28	31	24	31	24	21	19	4	23	13	12	27	21	22	6	21	22	23	20	33	16	23	5	19	5	16	10	14	26	33	18	12	31	13	3	14	19	26	21	27	24	3	27	22	22	22	
15	25	34	9	9	11	22	33	30	22	17	30	6	8	3	15	41	35	15	21	1	21	40	12	16	25	15	20	19	27	19	40	26	13	22	8	23	32	3	20	32	17	34	4	29	4	25	19	15	2	
20	27	32	10	31	20	6	21	12	25	24	38	7	31	15	28	31	7	30	33	3	27	1	15	32	27	17	28	34	33	43	18	29	30	4	31	9	35	33	26	34	24	38	31	7	12	23	20	6	21	
24	25	2	19	21	23	24	31	39	8	19	20	18	1	15	21	23	21	27	11	12	23	36	20	5	13	15	2	31	34	31	14	14	25	18	13	31	36	3	14	30	19	4	7	24	2	27	22	27	6	
11	11	23	18	23	33	21	12	24	18	16	23	34	31	20	36	24	22	31	26	9	12	39	30	10	20	12	21	27	7	37	11	25	26	1	9	27	33	35	8	27	26	17	22	21	35	19	19	39	17	
27	27	10	29	29	31	20	18	35	12	27	30	26	14	8	35	28	15	35	15	17	19	33	5	25	19	21	2	19	12	34	10	19	3	28	8	27	9	17	20	26	22	22	23	20	24	31	11	30	22	
32	12	36	42	37	41	37	22	6	34	27	43	28	16	31	22	26	34	8	13	8	28	4	13	8	36	16	20	15	7	11	27	24	39	1	40	44	3	28	6	28	26	1	38	37	24	26	34	32	32	
17	30	18	13	14	26	25	4	38	22	28	24	32	35	18	35	19	26	40	7	29	1	33	3	35	24	42	24	8	35	14	15	32	34	18	32	4	17	30	30	14	30	42	4	25	20	12	34	43	17	
25	1	33	24	18	30	27	26	14	4	33	48	17	35	14	17	27	35	5	33	9	32	49	25	27	31	39	24	36	27	45	48	39	22	9	27	26	15	35	23	11	3	21	3	28	38	18	30	16	11	
24	35	8	27	4	23	4	23	11	4	24	10	19	16	21	12	27	11	3	39	14	29	9	11	29	8	18	14	2	30	5	30	21	16	24	20	35	4	21	37	1	9	34	1	28	22	5	8	23	20	
31	43	36	4	28	16	22	14	6	22	22	19	15	24	3	31	3	17	39	26	11	6	2	27	20	16	28	1	25	41	28	28	36	30	21	40	40	7	28	20	44	17	43	32	16	16	27	28	35	4	
7	23	32	24	29	4	22	18	30	21	22	24	41	15	3	12	26	20	15	24	9	21	35	27	17	28	27	23	24	17	27	41	13	14	23	24	21	32	25	20	37	17	35	18	28	20	10	4	11	38	
21	6	8	9	16	8	2	28	20	18	22	31	13	4	21	30	14	22	5	21	19	20	15	11	3	20	18	2	12	22	31	11	29	30	9	18	28	28	6	30	15	26	31	6	21	17	6	25	14	5	
30	30	38	31	13	29	6	35	14	6	6	28	41	8	14	19	30	27	39	10	37	5	32	11	4	12	12	27	9	33	47	37	32	24	7	28	43	16	16	4	41	1	36	39	13	11	39	28	45	27	
21	17	5	24	24	25	31	10	15	33	32	43	21	22	18	5	26	33	12	36	5	36	42	27	31	17	30	33	31	9	34	39	27	14	15	1	14	14	18	3	46	7	14	1	32	19	37	25	30	6	
28	2	39	40	30	24	23	25	31	21	6	34	28	17	4	15	26	24	19	16	35	22	3	18	21	23	2	44	20	34	2	14	31	3	24	2	31	6	29	21	5	18	35	27	24	10	29	33	30	28	
23	21	35	28	29	27	7	8	22	16	3	29	39	22	32	29	32	10	9	24	25	18	8	19	30	17	30	20	27	29	32	9	10	18	18	13	21	14	35	12	25	3	25	21	19	23	36	7	35	5	
24	14	17	19	3	3	32	21	10	22	2	31	27	21	22	27	22	35	24	21	28	19	37	29	16	20	15	42	18	12	20	24	26	37	17	13	41	2	3	39	4	25	9	31	34	1	25	22	29	29	
31	32	30	5	24	36	21	7	16	29	26	21	46	8	14	28	20	32	35	28	3	19	37	22	12	20	19	22	1	42	22	29	33	36	34	22	6	29	10	31	15	28	41	12	39	21	34	16	22	32	
11	4	10	29	14	18	7	28	36	13	30	31	26	26	23	35	12	19	4	26	19	20	29	5	12	10	35	24	10	11	18	11	43	9	37	28	28	33	23	12	27	26	35	24	21	24	44	15	26	1	
20	33	32	8	2	8	28	28	33	25	32	13	4	28	15	25	22	19	24	33	2	27	29	9	30	6	37	28	29	30	40	18	26	27	32	32	29	9	25	32	21	16	27	24	24	7	21	12	18	7	
20	13	38	19	6	16	3	32	14	16	21	33	28	21	24	7	2	20	7	23	35	14	3	7	18	34	17	6	22	13	2	27	28	19	6	17	6	36	5	22	28	1	36	7	3	14	16	4	24	32	
30	14	38	8	6	45	25	26	34	26	21	16	43	23	7	7	33	4	27	30	14	1	26	31	10	22	28	31	29	10	31	27	28	36	27	28	1	23	16	24	43	21	42	34	13	27	40	25	32	23	
22	38	41	11	34	10	32	33	34	20	22	14	6	30	18	27	16	35	8	26	24	34	9	27	28	32	30	4	39	32	35	29	7	18	32	39	10	35	40	35	23	12	3	5	31	23	24	19	10	32	
18	38	16	23	26	6	11	18	16	8	20	21	32	11	1	19	29	12	6	16	6	10	14	20	12	10	26	8	23	21	18	1	36	20	21	20	14	23	27	18	17	12	33	4	11	7	13	20	21	26	
16	46	19	26	19	6	16	7	15	7	12	8	35	11	3	34	7	17	31	5	28	15	24	24	12	15	28	23	1	21	17	6	24	25	23	25	23	11	32	20	22	17	8	3	9	27	10	25	32	26	
26	3	19	4	33	10	23	28	34	1	22	27	29	13	11	32	40	10	3	26	15	25	32	2	17	23	6	28	30	13	3	28	31	35	18	11	3	9	8	28	17	25	35	20	14	19	12	27	38	22	
20	20	42	20	17	17	28	31	36	23	20	32	4	28	9	18	32	29	28	10	22	27	24	22	17	27	6	17	8	30	22	39	26	27	29	16	34	19	4	26	33	23	35	27	16	4	3	13	22	44	
11	2	28	18	6	4	18	26	37	21	18	24	36	27	21	26	8	21	35	9	23	23	3	40	15	5	14	39	24	35	42	25	25	24	29	11	10	34	2	38	28	35	17	35	27	13	26	21	37	17	
19	21	35	34	27	16	7	7	8	9	20	22	3	22	12	16	30	13	27	17	10	4	35	21	23	11	31	19	26	22	8	2	6	9	31	21	19	19	28	26	3	17	34	15	10	32	22	16	23	32	
11	40	47	32	19	22	4	11	19	1	22	14	39	14	31	22	22	5	19	9	28	3	27	13	15	3	23	29	18	14	43	25	29	13	23	13	11	16	20	21	10	9	26	7	4	29	39	13	37	24	
26	33	13	23	6	23	4	22	45	27	33	40	10	18	22	30	42	16	34	35	24	17	9	7	36	29	19	29	34	33	28	20	28	20	23	29	29	42	26	39	36	13	42	7	13	16	29	18	22	19	
23	12	12	18	10	10	21	30	8	10	5	30	28	30	16	26	29	9	32	20	23	18	21	4	15	31	14	20	11	39	11	32	11	35	5	14	10	30	2	13	31	25	33	17	15	13	20	21	3	1	
31	21	34	22	32	32	29	9	7	32	31	8	19	32	25	30	25	29	3	33	33	13	24	13	9	34	3	13	35	20	13	38	31	35	15	16	38	22	37	29	14	5	34	29	4	31	36	15	39	26	
34	33	15	6	11	13	8	34	39	29	5	21	29	29	18	11	33	13	36	3	26	32	35	37	17	33	25	17	27	34	8	24	37	38	15	17	41	15	16	26	34	4	3	18	24	27	28	21	33	27	
14	16	5	5	13	22	24	37	38	19	22	28	10	13	18	28	3	18	27	7	15	4	33	27	31	32	17	22	22	26	10	23	32	22	24	22	20	34	18	35	4	32	18	16	26	18	14	2	30	7	
24	28	37	22	17	21	30	2	28	18	24	27	8	15	11	29	35	20	32	20	26	8	26	34	8	36	15	29	4	27	27	37	12	19	18	20	38	14	8	28	27	6	25	27	24	16	6	18	20	39	
13	14	42	8	17	31	21	47	32	11	8	20	28	28	11	16	37	27	36	10	40	29	35	30	5	27	4	31	31	29	38	38	15	26	31	4	30	40	29	28	21	25	23	25	35	3	16	11	30	32	
26	31	1	4	20	22	22	29	25	4	25	5	17	2	14	10	7	10	26	18	2	25	13	23	22	12	21	20	30	38	27	26	32	1	30	19	10	26	9	31	32	19	16	15	35	15	33	15	11	13	
13	29	8	27	27	14	17	25	33	15	22	28	14	19	8	23	36	19	16	11	19	17	22	27	22	10	17	33	28	28	6	8	35	10	19	26	25	7	21	25	13	8	15	14	18	10	30	16	30	20	
13	20	24	7	6	11	1	35	19	28	25	37	37	29	28	33	6	44	36	7	35	27	42	39	22	35	21	3	37	42	31	41	20	11	17	21	29	16	9	45	17	39	40	29	2	16	33	28	38	16	
17	15	42	16	27	11	12	19	27	9	26	18	1	22	7	22	12	12	25	17	5	11	32	21	18	11	31	33	14	22	36	2	21	21	24	20	19	24	28	24	18	17	2	7	12	30	20	14	21	5	
22	15	41	22	35	10	7	25	6	17	18	4	20	23	21	13	21	3	18	11	3	8	14	2	31	19	22	1	6	12	35	10	27	26	28	8	27	25	36	29	26	16	8	20	11	22	7	6	13	22	
30	36	31	30	18	14	23	26	38	20	7	19	30	28	24	9	36	15	34	28	40	3	33	9	27	22	26	34	8	14	12	13	34	21	42	3	30	35	14	35	6	14	20	3	7	13	25	32	26	28	
19	45	17	29	36	23	29	34	42	20	7	35	25	18	30	15	22	12	13	17	20	14	28	22	16	3	39	15	23	10	30	22	26	19	25	17	39	19	27	31	24	25	37	17	27	9	33	3	25	29	
19	10	4	23	15	1	14	7	38	34	5	18	18	22	17	29	13	29	2	15	15	29	34	21	30	39	23	33	14	12	28	48	40	17	8	22	23	26	17	5	10	25	26	18	43	10	24	31	6	16	
3	38	34	13	22	7	24	24	39	4	7	19	44	4	14	39	30	3	12	24	42	32	25	35	31	17	31	7	7	22	39	24	27	7	9	7	27	19	33	28	20	20	29	1	11	3	17	24	15	22	
23	22	27	18	25	23	4	36	21	21	18	13	33	9	21	26	26	37	32	20	32	8	29	9	15	32	14	28	35	35	7	29	10	36	38	4	35	33	2	5	27	35	33	7	9	13	26	21	40	31	
6	23	13	12	26	16	25	30	32	20	2	12	3	15	15	23	5	19	7	19	21	32	7	30	14	34	11	13	11	6	15	25	19	12	22	13	6	33	1	6	30	1	32	10	26	12	20	16	23	22	
M6
18	14	5	33	19	7	16	7	9	14	15	19	3	24	29	24	14	4	9	20	12	26	7	14	8	23	13	3	23	21	29	5	19	17	18	22	20	28	10	36	13	6	19	19	6	5	14	11	7	14	
20	2	5	2	22	17	13	27	11	28	7	28	26	4	23	4	16	42	19	8	12	31	25	16	15	32	5	2	25	8	24	18	22	28	18	22	1	46	19	27	22	14	22	19	14	10	22	12	25	14	
22	18	20	13	16	19	6	7	14	20	19	7	19	16	9	14	15	21	9	24	18	25	13	20	18	28	5	11	28	4	20	16	25	17	20	1	5	25	15	23	11	12	29	15	18	15	17	13	4	10	
18	18	9	26	24	11	20	30	13	18	25	18	7	28	27	9	18	3	22	6	16	13	11	5	8	13	11	10	7	25	39	8	1	21	2	26	14	28	5	20	17	7	5	23	10	9	18	18	27	18	
23	18	18	13	23	24	14	7	14	9	19	19	24	16	9	28	19	21	16	3	30	25	15	28	4	2	18	16	28	36	21	16	18	25	23	1	37	38	22	34	6	15	24	33	23	25	15	13	1	2	
26	32	25	18	29	2	11	33	25	15	34	33	23	3	35	31	20	30	29	1	3	25	27	12	19	44	11	24	31	2	18	12	31	26	29	27	6	17	8	21	16	21	34	7	12	17	34	11	25	8	
8	10	4	6	19	2	15	11	8	4	12	18	2	10	13	23	6	25	7	11	11	14	6	36	1	29	12	5	22	20	25	20	19	4	11	5	25	27	5	12	4	11	12	18	5	4	13	8	22	13	
7	20	4	25	14	13	18	19	3	20	20	23	9	21	21	7	8	18	24	16	18	32	5	31	6	20	7	12	17	13	6	12	14	23	12	13	21	10	12	32	16	6	15	24	1	11	20	23	1	8	
8	35	29	31	10	27	14	27	33	29	37	19	27	17	30	14	4	33	32	36	15	30	13	27	8	20	3	30	13	43	45	39	10	20	8	30	27	34	8	37	12	2	23	38	8	23	38	19	41	4	
3	9	30	17	1	17	15	16	10	30	30	30	28	22	28	25	15	23	15	22	7	4	2	7	17	31	14	8	24	19	20	26	21	8	17	20	3	23	19	32	18	13	30	30	19	30	9	27	19	3	
30	28	19	2	32	10	13	27	22	28	32	31	17	1	8	9	27	16	31	34	5	21	21	22	20	35	19	20	22	10	5	31	31	28	1	24	18	10	13	23	24	15	33	21	16	19	28	26	37	16	
27	29	20	25	17	21	8	18	20	12	4	25	21	4	26	10	25	10	26	9	27	33	11	23	20	28	2	16	7	24	15	35	8	23	29	20	32	9	1	31	23	12	31	35	10	2	21	25	11	25	
14	10	1	29	16	3	12	24	5	10	18	15	14	20	25	20	10	34	14	29	8	22	3	33	6	26	9	2	19	17	33	30	16	13	14	18	22	24	6	35	9	8	15	15	2	1	10	13	19	10	
5	11	34	9	24	16	28	13	13	17	24	17	41	27	1	21	8	2	11	32	2	38	25	15	22	21	17	5	27	28	30	36	19	21	22	21	27	25	14	26	26	12	37	21	3	24	17	17	32	18	
17	6	18	21	2	2	18	34	22	12	12	33	26	4	2	31	23	34	20	14	19	27	28	21	20	7	14	16	19	5	21	19	13	18	26	28	6	40	15	3	19	24	19	16	16	20	37	33	24	11	
19	18	26	13	23	28	28	7	14	5	36	22	24	3	8	29	19	21	39	35	3	25	24	31	23	1	7	13	2	12	15	16	15	25	16	1	16	11	11	30	4	17	8	23	23	5	9	13	33	18	
26	19	3	27	32	7	23	17	22	21	10	26	16	6	28	28	27	38	1	13	21	20	2	26	12	25	23	19	24	14	3	6	33	10	9	20	11	35	13	28	26	17	17	25	19	18	27	28	12	20	
26	15	21	31	28	3	26	40	17	22	11	4	30	33	25	20	18	21	33	33	27	25	12	2	19	8	21	16	31	20	36	23	28	30	26	38	14	26	1	21	14	15	28	16	2	32	19	4	23	22	
6	23	25	26	18	23	10	24	8	1	27	28	23	24	13	23	13	24	20	32	1	18	22	32	17	28	12	26	10	10	21	31	19	25	17	26	18	31	17	29	21	11	13	21	15	25	34	8	41	8	
13	19	10	30	15	12	19	17	4	19	27	24	8	4	26	10	9	17	23	9	17	31	12	9	13	11	8	11	18	26	15	19	15	12	13	18	13	33	13	8	17	7	11	24	11	10	5	22	23	9	
7	17	27	20	24	26	13	35	25	26	36	9	26	34	28	40	23	24	31	26	1	29	23	3	25	33	19	15	8	10	26	2	3	22	32	29	16	29	17	13	24	26	3	4	22	25	37	24	30	4	
16	12	3	6	15	5	14	20	7	1	20	17	1	22	4	22	3	34	16	21	1	4	5	19	8	28	11	4	4	19	33	7	18	15	16	14	21	25	7	29	11	10	17	17	4	3	12	15	21	10	
12	26	17	7	5	19	18	1	3	21	24	23	15	21	19	1	8	31	13	30	15	23	17	1	12	24	7	18	1	33	24	20	9	24	12	11	31	22	12	31	16	6	26	7	8	17	26	23	25	8	
10	11	18	27	8	19	18	31	3	16	12	20	16	21	34	18	8	5	19	26	19	2	17	2	12	24	7	19	17	11	12	2	14	24	12	34	19	33	12	17	16	6	9	9	6	18	22	3	36	8	
20	18	9	24	22	11	7	26	11	18	3	23	7	7	4	17	16	21	22	29	16	12	11	20	14	30	15	10	17	12	28	18	22	11	20	20	20	32	14	29	17	14	23	23	10	9	18	19	27	16	
15	11	21	11	16	23	19	9	9	6	32	24	19	16	36	13	9	43	15	26	9	17	4	22	18	30	1	22	14	22	3	12	20	27	10	35	7	35	18	41	13	12	24	17	18	11	13	5	16	14	
15	21	12	3	27	14	13	11	16	19	29	17	10	19	16	31	21	23	25	26	13	33	14	36	3	16	20	13	30	28	8	2	27	2	25	29	33	6	9	33	20	19	2	26	13	12	21	24	30	21	
12	30	26	9	4	28	18	31	3	26	18	20	24	9	17	14	8	16	36	1	2	26	17	26	8	24	7	17	17	3	18	17	14	3	12	34	11	29	12	22	3	6	13	14	12	5	34	23	26	8	
11	22	13	7	28	15	24	36	17	10	18	17	11	29	7	20	22	28	23	30	20	20	6	32	12	20	21	3	5	29	29	42	28	11	9	30	34	5	18	32	21	2	10	27	14	4	19	25	15	22	
24	28	19	12	27	21	16	38	19	19	34	31	17	23	40	29	14	30	32	23	17	19	21	19	15	38	5	18	25	8	12	17	29	31	28	32	4	36	7	15	10	15	32	7	10	11	28	31	31	2	
5	20	17	15	25	26	25	9	16	28	41	7	22	17	11	31	21	23	37	32	18	27	7	6	23	37	14	18	28	5	5	16	8	27	17	3	13	31	16	12	19	19	5	10	19	20	19	15	37	11	
9	18	16	16	5	6	32	10	17	15	9	13	27	19	6	11	22	24	41	31	11	15	27	12	19	9	16	19	31	32	24	19	28	28	26	4	34	29	1	24	23	19	11	21	20	26	5	3	36	22	
24	29	20	26	26	22	9	31	15	5	24	1	22	30	33	30	1	41	27	28	13	12	26	26	16	29	19	1	13	27	17	1	4	2	20	25	32	7	24	32	10	3	32	35	24	22	29	23	4	20	
9	1	20	25	15	21	8	26	23	23	31	14	18	22	18	25	4	13	11	13	27	9	22	26	20	1	19	21	37	20	24	5	15	23	22	20	16	4	19	7	23	10	31	31	19	3	16	9	18	21	
34	38	29	22	16	31	26	10	29	29	38	20	27	26	39	33	24	40	15	4	27	28	26	22	24	23	15	28	30	6	8	15	13	28	38	31	14	21	17	25	20	4	41	14	20	11	6	32	29	12	
17	12	20	7	17	22	23	1	8	29	37	16	18	10	3	23	13	15	33	37	24	19	18	28	17	29	12	10	22	30	15	10	19	19	17	37	31	32	17	28	21	11	32	34	17	19	11	7	38	13	
9	22	16	18	12	14	1	23	20	16	19	16	14	8	25	14	15	37	19	8	2	26	18	4	3	35	14	7	34	5	21	26	14	16	23	17	13	39	16	24	16	9	17	16	17	16	25	20	16	3	
31	17	19	29	5	18	12	34	23	27	17	10	17	30	36	17	28	18	30	20	26	37	3	12	19	37	27	13	31	20	33	26	34	23	12	28	28	26	3	28	22	24	30	31	9	19	28	31	36	26	
25	32	19	30	15	32	19	19	16	24	37	11	32	14	11	31	7	20	16	18	7	32	16	22	21	1	20	25	10	23	38	5	20	6	25	18	7	31	18	24	20	10	35	34	25	20	34	30	34	21	
7	27	7	9	2	20	15	17	1	11	11	21	16	19	19	16	6	7	11	2	5	20	12	20	1	11	5	19	15	12	19	1	12	6	10	11	20	15	4	31	14	4	18	23	10	18	17	21	27	2	
12	12	3	22	18	5	14	26	7	12	20	17	1	6	11	22	12	36	16	18	10	24	5	9	8	28	7	4	21	11	19	32	18	15	16	20	19	26	8	30	11	1	17	17	4	3	12	15	14	12	
19	16	7	13	16	9	18	7	11	16	24	21	5	14	9	23	10	21	20	24	14	25	9	34	12	28	6	8	12	23	21	16	22	19	20	1	28	29	7	8	15	14	10	21	8	7	14	5	11	3	
6	14	5	33	16	1	16	6	9	6	22	19	3	24	7	24	14	26	14	7	12	26	7	33	8	24	13	6	23	19	28	19	1	17	10	22	26	28	9	32	13	12	19	12	6	5	14	17	9	14	
11	20	11	26	6	13	22	21	15	20	28	17	9	11	26	17	6	32	24	4	18	3	13	7	16	24	15	12	3	22	8	36	26	23	24	27	30	7	16	41	19	18	8	25	12	11	1	3	5	20	
20	29	17	18	28	21	8	20	17	23	11	37	21	29	32	31	1	24	26	29	15	13	25	4	20	19	11	24	21	2	18	4	28	23	4	24	10	6	13	21	12	7	20	13	16	10	32	27	37	8	
20	8	14	12	8	28	36	20	24	29	36	29	37	22	5	32	6	14	9	40	27	21	31	2	24	33	11	29	19	32	28	29	35	23	32	14	29	3	26	23	6	21	41	41	15	13	20	23	20	8	
18	14	5	6	7	7	16	2	9	14	22	19	3	12	29	1	14	35	18	3	12	11	7	5	9	30	10	6	11	1	17	22	16	11	18	22	9	17	1	8	13	2	19	12	6	5	14	3	10	7	
9	22	9	24	28	15	7	13	17	20	10	15	11	28	26	1	10	34	13	29	14	31	12	29	18	18	21	14	31	29	34	7	7	22	16	18	14	18	18	27	21	15	1	17	14	9	22	12	22	8	
9	6	4	18	19	13	1	23	8	1	15	25	9	22	25	19	13	37	19	23	18	14	10	20	13	10	12	12	14	21	3	32	19	16	16	17	5	34	6	24	16	11	8	6	12	7	20	20	24	9	
35	30	13	1	6	26	31	19	26	16	11	5	22	18	21	32	29	33	22	38	31	34	26	19	10	2	20	25	32	11	2	27	37	12	13	13	19	32	22	21	18	29	29	22	1	24	7	25	33	17	
M7
26	32	13	12	4	20	18	18	18	9	25	8	22	16	22	19	24	22	24	25	29	30	15	29	25	4	8	22	4	7	30	3	16	21	4	3	17	15	26	27	21	19	2	25	14	17	7	21	17	13	
27	12	23	13	10	17	7	21	15	26	20	24	29	20	2	33	27	31	16	19	27	23	22	25	4	1	22	31	18	21	13	20	32	19	1	29	11	11	33	19	35	33	23	25	30	17	22	6	13	27	
25	46	28	38	17	24	10	24	23	21	25	18	32	1	21	38	27	44	26	25	11	25	7	33	32	22	35	36	32	19	23	14	26	2	11	6	17	18	35	34	26	9	24	35	17	30	32	15	2	12	
1	24	15	15	22	13	16	7	22	1	14	5	17	11	13	15	12	19	21	13	19	18	11	4	11	12	4	15	1	10	19	11	13	14	3	15	14	16	26	1	6	16	21	30	2	15	8	19	14	3	
15	1	12	22	20	10	17	28	8	2	30	28	26	6	9	23	21	3	26	22	30	6	8	18	14	11	12	27	14	19	23	12	26	23	11	28	21	21	26	17	31	27	30	26	11	24	32	16	22	4	
15	35	21	23	23	16	17	8	25	20	13	2	16	18	17	18	15	26	14	7	15	24	9	17	20	22	7	22	38	16	13	17	2	18	27	4	11	24	23	31	26	2	21	5	8	18	19	7	11	7	
19	2	21	14	21	19	18	13	20	18	1	24	18	4	11	8	2	1	27	19	27	24	17	19	15	12	18	20	22	10	24	9	22	13	12	18	22	22	6	8	21	24	12	24	8	6	30	10	23	14	
17	39	23	15	13	18	1	16	26	21	17	23	25	8	8	30	17	9	4	9	17	31	21	22	10	7	30	27	18	26	15	22	5	15	17	22	25	26	3	29	34	13	7	9	29	22	7	22	11	27	
19	8	20	28	27	18	23	18	24	25	9	30	22	16	19	23	17	14	24	18	13	23	16	27	9	11	12	30	4	10	24	16	14	19	18	8	11	21	21	27	21	37	24	3	7	20	20	23	22	13	
19	33	13	23	15	19	23	18	13	11	19	2	23	10	17	8	18	10	6	11	19	24	9	23	12	15	16	20	32	11	7	8	10	3	19	9	7	18	21	25	12	5	19	15	8	21	12	24	11	27	
16	16	24	16	17	19	22	1	6	24	7	24	20	19	13	24	17	22	15	10	18	32	21	5	5	9	20	8	25	11	13	23	24	17	21	4	26	16	8	5	7	26	2	24	28	8	21	12	21	12	
15	33	16	24	37	14	18	23	23	32	28	28	18	16	12	32	13	29	32	14	18	19	4	18	25	24	21	30	40	11	20	12	5	13	30	21	6	28	30	26	24	8	16	30	3	16	14	20	6	32	
16	21	18	21	12	16	22	4	25	27	16	22	20	4	19	3	2	29	3	8	11	4	14	21	1	12	23	24	11	6	9	14	6	10	16	11	11	12	24	17	19	27	24	12	5	18	9	19	4	20	
20	32	7	14	23	19	11	28	9	20	27	2	21	21	8	7	18	7	30	19	20	24	9	23	30	22	7	30	28	16	25	15	10	6	12	7	11	3	6	29	29	13	21	26	8	21	1	25	8	18	
30	36	11	14	23	17	8	29	13	18	25	25	19	21	27	10	10	27	17	22	30	17	30	26	7	20	5	2	32	29	28	25	5	18	7	27	34	22	27	14	5	3	27	23	21	34	23	29	15	16	
20	40	29	18	6	27	17	12	17	24	27	17	28	24	10	5	4	1	36	21	29	8	15	34	15	32	23	24	36	31	14	3	21	11	23	9	14	12	36	28	42	13	14	16	23	34	34	21	26	34	
12	23	21	7	27	19	23	4	21	16	2	2	23	21	15	9	18	16	30	19	23	24	9	20	5	7	15	1	24	16	25	17	10	5	14	19	11	31	23	20	22	13	17	7	8	21	19	4	11	17	
14	30	20	13	29	15	27	15	8	6	1	20	27	27	4	38	14	20	29	6	14	28	18	16	19	23	34	7	15	9	12	34	28	13	33	18	22	13	22	19	21	25	16	20	26	19	26	14	17	14	
12	34	18	22	8	13	24	11	26	26	12	18	25	3	15	25	12	31	19	4	12	26	16	17	5	8	27	31	35	21	10	17	26	16	12	17	20	21	20	30	32	23	23	8	24	17	5	17	15	32	
5	27	11	18	32	6	29	17	27	19	11	11	18	19	8	32	5	24	23	6	5	19	9	10	24	29	33	24	34	14	3	25	19	9	35	18	13	14	13	25	31	16	16	32	17	10	17	13	8	25	
17	23	23	14	16	18	25	13	30	22	22	23	12	17	11	23	17	18	26	9	17	8	19	22	18	8	12	20	8	9	15	16	6	21	29	23	25	26	25	31	25	11	4	10	22	6	19	10	8	17	
11	28	19	26	15	14	17	25	22	11	13	19	25	18	16	13	13	15	24	5	13	27	17	6	10	11	29	32	27	22	11	27	24	13	15	26	8	5	21	18	19	1	15	13	25	18	16	21	11	33	
33	25	40	18	34	7	13	17	5	8	4	41	22	21	8	34	34	21	32	27	33	13	21	22	22	24	27	7	15	14	28	24	27	2	14	18	30	33	25	22	1	28	16	23	27	10	30	14	8	18	
23	33	24	4	35	1	26	12	10	23	18	5	12	24	15	26	21	2	26	22	26	16	1	7	24	10	29	14	14	19	28	20	10	21	7	16	14	35	29	25	25	5	24	11	11	24	22	25	14	23	
29	9	35	22	25	30	25	21	28	29	28	22	24	20	19	38	17	26	16	21	29	18	18	18	22	16	40	28	28	18	7	29	6	33	19	15	29	17	4	14	36	31	20	13	28	14	10	18	23	12	
13	29	19	24	10	14	26	13	6	27	14	19	16	5	1	24	13	32	1	5	4	23	17	18	7	3	25	2	25	22	11	19	27	17	14	19	17	22	21	29	23	2	24	10	25	18	7	16	16	33	
27	32	30	24	9	3	8	20	9	4	11	11	5	15	26	2	18	30	14	19	27	20	17	29	17	6	35	14	27	22	24	26	5	4	21	27	20	25	32	29	25	21	13	23	17	30	11	32	1	2	
17	5	18	7	8	16	19	13	14	14	11	1	20	15	16	18	15	3	26	16	20	5	6	6	18	4	13	32	32	13	1	10	9	17	7	5	10	12	32	29	26	1	20	32	5	18	12	20	10	9	
19	28	20	28	22	9	33	7	15	36	14	22	22	5	25	21	17	11	13	18	23	23	15	31	18	14	25	34	24	15	19	12	30	11	26	31	31	31	18	16	10	33	26	22	7	20	19	24	29	2	
17	33	5	24	28	33	24	23	32	18	32	38	28	23	2	17	32	30	19	24	32	43	6	37	4	28	29	15	33	3	30	4	43	17	16	31	15	12	11	18	21	34	22	11	29	16	25	20	27	23	
38	40	32	11	10	35	13	8	25	33	11	23	12	27	29	16	25	42	26	31	34	8	19	29	24	1	23	32	28	5	25	8	29	33	39	24	30	35	32	22	28	34	19	13	28	32	30	21	10	33	
26	6	3	24	25	12	22	11	20	25	17	39	17	24	17	8	30	1	24	29	12	26	19	3	4	16	29	30	20	20	8	31	5	25	16	29	26	26	25	34	15	24	17	4	33	16	5	5	25	5	
22	7	23	12	26	8	9	14	30	9	19	4	18	23	11	28	7	28	26	21	24	26	5	4	20	17	28	19	34	18	27	19	12	15	4	17	13	11	31	2	6	15	21	10	10	15	21	5	7	8	
15	3	16	24	13	14	19	16	20	15	17	22	16	8	14	13	13	29	4	9	15	17	11	22	10	13	2	20	30	11	15	1	16	3	13	22	23	13	11	31	24	15	20	13	3	16	10	18	2	13	
26	20	6	24	5	22	26	34	32	10	31	8	29	4	4	20	24	10	37	21	29	30	1	29	33	6	31	18	26	19	27	23	8	24	30	32	17	22	17	6	24	19	27	13	14	27	25	31	7	21	
5	16	6	34	19	13	6	17	15	14	21	18	15	9	21	12	28	18	24	22	18	30	25	35	16	16	1	24	34	13	13	13	15	13	26	32	27	22	19	15	35	27	9	33	24	35	5	13	11	12	
23	31	1	1	32	24	29	16	10	27	2	15	28	22	26	25	23	5	30	15	8	3	22	13	20	23	14	23	28	26	21	30	21	23	30	14	5	31	23	9	22	26	16	28	21	23	11	17	1	10	
19	9	4	29	1	20	25	21	12	20	7	25	32	20	20	36	19	23	34	11	19	15	23	1	15	19	25	28	31	3	2	29	33	23	19	24	8	17	27	25	3	30	22	29	31	21	12	9	22	18	
21	32	13	32	14	22	17	17	19	19	3	27	34	2	12	8	21	13	31	13	21	35	8	21	21	25	36	11	38	10	4	36	35	1	22	20	29	30	24	21	5	32	18	11	29	24	33	28	14	21	
13	23	13	3	39	18	25	13	21	5	25	21	18	17	11	14	6	4	32	32	13	9	14	33	30	13	21	20	30	10	17	21	1	14	29	23	26	13	30	10	14	17	12	18	27	6	2	10	10	32	
16	22	30	34	20	25	32	14	25	32	15	22	33	15	7	30	24	2	11	16	12	19	18	11	17	20	19	32	41	29	22	29	30	28	18	22	31	33	14	29	1	7	6	20	21	29	17	4	19	30	
24	6	25	28	24	1	6	17	24	38	5	32	9	15	17	7	22	4	15	20	23	22	4	23	19	16	35	26	3	25	9	8	4	21	3	22	26	1	20	23	15	17	20	6	17	26	21	4	24	12	
28	16	7	8	28	27	32	11	22	35	32	38	5	11	19	14	18	18	19	24	23	2	25	3	17	22	31	25	27	7	25	15	21	26	9	27	26	22	36	28	11	9	13	8	16	29	25	31	20	13	
15	32	18	26	20	16	36	17	14	29	3	21	5	15	14	19	15	11	11	7	15	20	14	20	17	20	23	24	27	13	13	14	22	3	24	3	23	7	16	21	23	26	13	20	5	18	12	15	18	7	
5	23	6	14	27	4	25	13	13	22	18	18	8	17	11	22	3	20	22	4	12	9	2	17	20	14	11	20	30	1	10	2	16	5	27	23	20	21	20	31	14	23	12	24	24	6	24	10	15	22	
33	15	29	6	33	31	17	5	39	14	37	37	10	9	3	22	23	12	24	29	24	25	11	36	22	18	36	12	32	2	16	13	27	30	23	15	18	21	28	33	26	16	4	33	26	39	22	2	25	32	
13	35	19	2	12	4	19	2	20	15	19	16	16	18	16	13	13	32	14	5	13	27	17	18	20	17	2	17	29	22	11	31	16	15	2	6	21	22	21	13	11	18	24	4	22	18	8	21	6	13	
14	27	5	13	12	13	3	3	4	31	19	10	17	10	11	5	12	24	6	11	15	18	11	23	12	15	20	29	23	10	17	11	5	7	19	16	7	28	12	25	23	21	7	15	2	15	2	10	19	21	
14	22	16	24	13	14	28	2	23	29	21	15	18	27	19	5	13	14	31	8	4	10	12	21	30	24	21	28	33	11	1	10	8	9	6	12	9	25	2	36	24	25	22	34	3	16	28	2	19	32	
5	39	13	8	23	1	35	24	29	27	10	25	11	6	22	25	5	29	14	11	6	10	23	5	20	23	18	27	22	12	17	1	28	23	21	20	27	28	18	9	30	9	25	23	18	22	20	12	22	21	
