50	8	1
8
	0	36	1	39	2	49	3	78	4	55	5	5	6	6	7	69
	0	22	1	3	2	33	3	41	4	72	5	88	6	4	7	81
	0	18	1	73	2	5	3	36	4	5	5	80	6	1	7	15
	0	85	1	9	2	27	3	25	4	21	5	32	6	96	7	27
	0	8	1	14	2	45	3	21	4	31	5	59	6	95	7	50
	0	38	1	78	2	39	3	37	4	43	5	88	6	60	7	42
	0	50	1	30	2	68	3	41	4	9	5	14	6	64	7	38
	0	87	1	90	2	28	3	98	4	76	5	43	6	35	7	1
	0	14	1	14	2	95	3	29	4	38	5	45	6	12	7	69
	0	64	1	49	2	79	3	53	4	84	5	6	6	89	7	8
	0	93	1	82	2	74	3	43	4	45	5	75	6	69	7	58
	0	25	1	87	2	3	3	72	4	53	5	15	6	12	7	88
	0	7	1	78	2	76	3	67	4	80	5	54	6	87	7	43
	0	53	1	57	2	34	3	53	4	96	5	32	6	20	7	94
	0	99	1	68	2	100	3	8	4	17	5	54	6	45	7	89
	0	53	1	41	2	31	3	14	4	53	5	41	6	54	7	3
	0	40	1	47	2	67	3	1	4	58	5	76	6	46	7	86
	0	57	1	43	2	80	3	2	4	85	5	56	6	80	7	16
	0	22	1	30	2	25	3	2	4	28	5	42	6	20	7	48
	0	22	1	94	2	90	3	88	4	80	5	11	6	89	7	62
	0	65	1	61	2	45	3	96	4	77	5	2	6	19	7	15
	0	30	1	48	2	96	3	67	4	52	5	69	6	98	7	91
	0	14	1	8	2	27	3	91	4	81	5	29	6	22	7	50
	0	87	1	85	2	57	3	60	4	38	5	15	6	47	7	80
	0	38	1	62	2	90	3	19	4	40	5	22	6	33	7	44
	0	25	1	11	2	60	3	13	4	1	5	61	6	2	7	32
	0	29	1	42	2	83	3	39	4	79	5	6	6	80	7	11
	0	1	1	56	2	12	3	96	4	29	5	44	6	54	7	74
	0	9	1	90	2	79	3	35	4	49	5	28	6	17	7	90
	0	95	1	74	2	50	3	6	4	35	5	24	6	20	7	57
	0	20	1	74	2	73	3	13	4	25	5	63	6	22	7	46
	0	16	1	46	2	32	3	62	4	56	5	89	6	40	7	58
	0	33	1	86	2	90	3	9	4	8	5	10	6	98	7	69
	0	94	1	78	2	44	3	11	4	56	5	49	6	80	7	80
	0	40	1	44	2	75	3	79	4	22	5	92	6	75	7	72
	0	86	1	98	2	95	3	23	4	23	5	40	6	31	7	49
	0	62	1	90	2	1	3	7	4	19	5	58	6	5	7	95
	0	74	1	62	2	20	3	94	4	69	5	24	6	10	7	18
	0	43	1	92	2	65	3	1	4	74	5	82	6	68	7	3
	0	64	1	50	2	79	3	44	4	33	5	88	6	57	7	62
	0	51	1	43	2	90	3	94	4	87	5	63	6	66	7	85
	0	88	1	67	2	57	3	20	4	76	5	42	6	39	7	85
	0	80	1	60	2	23	3	45	4	84	5	25	6	28	7	55
	0	3	1	44	2	64	3	92	4	88	5	23	6	45	7	13
	0	51	1	85	2	36	3	37	4	14	5	16	6	9	7	54
	0	90	1	35	2	33	3	56	4	81	5	93	6	94	7	98
	0	6	1	87	2	27	3	78	4	54	5	10	6	85	7	45
	0	56	1	21	2	25	3	32	4	92	5	37	6	24	7	17
	0	16	1	57	2	17	3	1	4	3	5	7	6	61	7	18
	0	32	1	6	2	25	3	67	4	86	5	67	6	3	7	73
SSD
M0
32	7	12	23	30	15	26	20	21	10	17	15	13	10	11	24	25	15	6	20	16	13	25	20	23	10	6	9	12	27	26	12	18	27	41	11	23	32	28	34	9	28	23	24	24	17	33	22	12	16	
47	27	27	14	5	29	26	9	32	23	5	24	28	28	23	17	30	30	15	15	6	41	16	22	29	24	15	26	29	3	16	29	24	33	37	8	30	17	18	20	36	2	17	18	21	9	24	3	21	2	
2	28	17	22	27	31	6	13	28	34	4	40	35	30	25	36	22	33	18	16	32	14	12	35	22	6	25	40	11	21	30	26	11	27	43	22	27	31	17	5	26	24	30	40	23	46	38	16	43	4	
28	2	8	11	26	20	14	30	24	4	17	17	16	11	11	1	9	16	10	28	1	21	11	11	9	14	22	32	3	15	9	16	32	11	10	14	3	35	1	30	18	23	13	32	15	17	2	13	17	9	
34	23	19	1	28	16	35	26	23	10	9	23	15	15	29	14	17	35	2	24	24	28	24	9	18	16	32	30	27	9	27	31	33	20	42	20	25	17	24	23	25	30	25	20	15	25	11	7	8	22	
20	10	5	16	11	13	19	13	3	28	10	10	6	18	19	12	18	8	21	13	9	17	18	13	16	16	4	2	5	16	8	16	34	20	34	4	16	25	7	21	20	21	16	17	11	4	27	15	1	9	
8	5	20	15	13	22	11	14	2	30	16	2	21	1	28	13	17	18	23	8	10	25	12	11	11	4	19	17	20	12	27	7	32	31	6	19	6	28	20	20	33	27	25	20	29	25	28	24	20	24	
29	35	11	24	34	15	31	12	31	35	10	10	27	22	1	28	24	8	1	30	6	30	26	22	9	8	28	27	13	9	9	13	9	10	25	24	29	10	3	33	22	33	5	2	11	23	13	30	24	18	
22	11	5	16	21	6	19	13	14	28	10	10	6	1	20	6	1	8	10	13	9	18	6	12	16	16	4	2	5	20	18	14	27	20	21	4	16	19	5	4	20	17	12	11	17	10	12	15	5	9	
24	22	4	24	31	20	27	21	20	36	18	18	14	3	6	22	9	16	15	21	17	26	26	10	21	15	12	10	13	25	23	2	21	17	37	12	1	24	28	5	12	18	24	16	25	18	20	19	13	10	
20	12	14	13	4	28	14	26	27	22	18	14	25	25	25	3	27	29	14	23	4	2	30	21	26	20	24	42	19	21	2	27	32	16	27	19	35	24	28	35	34	17	35	16	25	7	23	19	20	8	
21	29	1	6	28	32	2	29	29	14	23	10	33	21	4	4	38	39	15	30	5	33	13	13	38	25	25	45	30	11	33	18	7	21	9	31	30	28	16	24	17	7	25	41	25	35	36	23	42	6	
21	1	20	26	17	21	34	28	1	24	25	25	3	7	29	21	5	15	25	9	24	33	15	27	31	26	16	17	20	17	23	26	27	29	36	19	3	20	20	19	27	8	3	20	29	18	27	13	17	11	
10	12	11	13	4	28	27	23	12	22	18	18	4	7	13	18	16	26	11	20	16	15	16	12	10	8	27	28	24	16	19	24	28	9	36	17	14	15	4	30	32	13	14	13	22	8	3	19	7	22	
25	29	23	2	32	19	39	23	19	39	30	16	29	24	26	21	32	26	9	37	15	33	20	24	7	6	23	26	23	14	26	1	15	24	43	28	35	1	15	11	27	28	35	41	6	9	15	11	4	17	
4	23	17	21	34	18	16	5	31	33	3	24	23	18	42	6	23	13	17	13	32	30	22	1	16	23	31	29	12	22	25	27	41	18	23	23	15	25	22	6	12	4	16	44	24	3	9	12	30	4	
23	21	30	12	3	7	1	11	21	19	13	29	13	5	31	19	23	35	13	22	35	4	5	10	28	27	17	37	17	9	31	28	20	31	22	23	23	8	33	7	27	24	8	31	16	36	22	18	19	16	
33	14	13	17	30	23	3	14	5	16	12	12	19	14	5	20	20	3	13	32	8	32	18	14	12	10	23	21	15	15	11	15	27	11	24	23	10	4	16	20	24	34	11	4	13	9	5	32	24	20	
10	26	11	19	32	8	34	2	29	42	12	22	29	29	13	20	1	32	26	8	28	31	25	5	1	30	29	27	24	3	28	16	32	29	18	1	23	28	36	10	30	42	36	24	33	13	32	23	5	25	
17	21	21	3	36	34	37	1	21	18	4	18	13	22	22	19	10	35	21	20	5	31	26	22	17	19	2	32	24	5	20	24	24	19	8	6	17	21	23	26	21	28	6	13	19	24	13	24	35	4	
23	2	3	16	23	13	19	9	12	28	10	10	4	18	24	17	7	8	6	8	9	14	18	13	16	9	4	2	5	20	2	16	32	20	29	4	14	25	3	23	5	11	14	17	2	10	19	15	2	9	
30	6	25	9	20	23	41	24	8	38	21	31	28	12	8	22	22	3	25	30	27	31	28	26	10	29	26	24	27	11	20	5	14	7	37	6	21	23	27	26	18	20	3	23	32	25	17	22	22	5	
32	2	21	10	1	5	17	13	2	19	18	22	22	17	12	22	17	24	11	3	18	34	7	18	20	18	20	18	21	1	16	25	7	29	17	4	32	11	21	20	8	5	20	14	23	26	20	16	17	25	
31	18	11	15	14	21	26	11	11	8	2	18	17	12	13	1	18	20	1	19	21	10	2	12	10	28	16	14	17	6	23	13	23	4	33	16	23	27	16	29	24	21	23	29	29	6	3	19	17	21	
1	19	14	4	18	13	7	12	12	4	1	13	16	23	8	25	27	20	25	20	8	22	3	3	3	11	10	14	16	18	12	16	18	10	21	16	13	13	17	30	25	22	26	5	14	11	28	16	4	21	
32	6	24	28	28	32	40	33	12	30	31	19	4	1	31	5	16	26	24	17	8	18	14	25	4	13	26	24	25	28	34	17	4	25	12	19	14	20	29	1	31	19	14	31	7	23	16	24	21	7	
24	12	4	15	22	12	18	4	13	6	8	9	5	19	24	16	17	7	25	12	8	13	17	12	15	8	3	1	4	8	14	8	11	19	35	3	4	24	20	11	19	3	8	16	16	9	23	14	4	8	
22	11	2	13	20	10	16	10	11	25	7	7	3	17	22	14	15	5	23	10	6	15	15	10	13	13	1	24	2	17	16	13	31	17	37	1	13	22	18	25	17	18	13	14	14	7	29	12	2	6	
31	15	23	2	26	23	18	31	24	14	10	27	24	22	33	26	25	17	29	31	12	9	21	30	2	2	22	20	23	18	10	6	24	30	39	2	7	36	7	28	6	11	34	35	3	28	21	18	23	10	
25	14	5	16	23	13	19	13	14	4	9	10	6	12	25	17	1	8	11	13	9	18	9	13	16	16	4	2	5	20	15	16	2	20	40	2	16	25	14	28	13	21	16	17	17	10	30	5	3	9	
37	27	20	10	30	25	9	9	5	14	27	12	19	3	33	7	9	22	25	1	28	37	23	12	4	35	2	21	24	28	37	13	39	28	23	3	29	38	24	23	36	18	29	30	32	29	19	27	24	2	
9	27	6	24	15	2	30	29	2	33	26	26	22	17	19	4	17	9	25	29	25	33	22	9	5	11	20	18	21	32	34	30	35	26	30	20	27	35	21	6	10	11	28	27	14	9	26	1	21	25	
28	18	18	7	35	32	29	7	23	17	4	9	15	19	37	25	27	22	18	17	33	13	23	19	17	22	33	31	14	21	30	29	41	19	6	25	3	33	23	28	29	30	25	37	26	25	10	3	16	31	
20	9	12	16	7	22	7	20	19	25	18	9	18	13	9	19	15	24	12	8	14	31	3	13	11	1	20	18	21	17	17	21	24	13	28	20	23	2	17	27	25	22	24	10	15	19	4	22	7	7	
25	1	15	16	8	8	5	23	21	24	20	20	13	23	13	23	23	16	5	23	19	19	27	23	16	16	14	12	5	23	20	20	34	7	7	14	21	33	21	13	20	12	23	27	17	20	14	12	15	19	
15	13	17	12	34	37	33	32	31	12	24	24	23	18	12	22	18	14	17	11	27	28	22	18	16	7	33	38	19	22	16	33	17	16	39	30	7	7	5	33	18	30	26	24	16	24	9	38	28	25	
33	22	13	10	23	11	9	21	22	9	18	16	14	15	26	13	26	16	14	21	5	3	19	15	2	24	12	10	13	11	2	9	23	9	11	12	19	14	19	10	28	23	2	25	25	8	6	9	13	4	
17	2	31	29	20	2	36	7	12	4	17	25	4	18	31	32	16	3	30	20	30	14	5	37	6	24	27	28	21	14	21	23	26	40	29	23	14	21	13	30	21	11	14	30	33	21	38	16	18	22	
11	3	11	13	28	11	21	27	7	4	18	18	17	12	29	18	7	22	9	27	2	32	16	12	10	20	18	16	19	16	23	6	11	12	21	16	23	26	16	25	4	4	10	31	18	18	3	23	19	23	
21	16	31	17	36	35	33	36	15	13	25	38	12	11	31	4	24	29	12	16	27	12	29	31	13	8	29	31	6	33	25	21	33	7	29	17	22	35	22	33	18	21	1	30	18	29	26	22	23	12	
39	1	19	4	28	34	7	24	26	7	26	26	18	19	9	20	21	40	19	21	12	7	19	20	18	7	6	36	39	24	10	21	3	20	26	5	19	5	6	33	9	25	11	41	36	8	11	14	33	22	
12	15	6	16	24	2	20	14	15	28	11	11	7	14	23	18	19	9	27	14	10	7	19	14	16	16	5	3	5	21	20	17	35	6	12	5	17	26	20	15	10	22	11	18	17	1	29	16	6	10	
33	35	17	30	27	13	5	18	31	41	4	16	27	9	2	21	24	29	1	17	12	36	25	28	13	14	26	24	19	21	15	19	29	26	24	24	22	13	20	33	11	39	23	8	12	8	29	12	2	2	
26	32	6	19	39	18	30	7	26	30	5	5	32	22	6	28	33	24	28	25	1	25	33	29	19	3	23	37	8	10	4	8	32	29	20	19	24	5	9	29	17	28	27	34	6	18	20	25	19	26	
20	24	10	5	27	9	25	17	22	22	17	17	16	7	21	17	1	19	5	32	8	32	15	11	9	1	23	21	23	15	19	4	26	11	12	18	22	18	15	9	30	27	22	12	21	17	2	9	24	3	
32	28	12	25	19	24	23	13	28	14	11	11	20	18	12	31	31	22	8	7	7	31	32	24	25	9	3	16	14	14	10	14	19	4	12	18	24	11	1	25	23	30	14	3	12	24	26	7	19	23	
22	16	2	6	19	26	18	26	16	18	9	9	8	3	33	9	20	30	2	24	39	24	7	3	1	26	31	32	31	7	14	40	26	3	32	25	14	27	7	22	29	23	14	35	20	9	38	28	20	23	
15	17	17	21	16	14	32	28	17	2	24	11	23	18	27	22	31	6	17	18	33	8	1	18	16	27	31	29	16	16	11	2	22	16	19	19	29	26	15	13	1	2	28	29	28	24	9	8	13	3	
29	18	9	14	13	17	23	3	18	26	14	1	10	12	6	5	22	11	5	17	13	21	7	17	14	14	8	6	3	20	22	18	23	8	35	8	19	21	19	31	9	23	20	21	15	1	11	19	9	5	
35	6	17	10	1	23	27	5	3	19	17	22	18	18	23	23	18	20	11	25	21	27	23	18	20	3	16	14	9	18	28	24	30	24	14	16	25	26	22	21	2	29	4	28	21	18	15	16	17	9	
M1
10	27	8	26	2	15	18	29	23	34	12	21	34	10	28	44	5	27	10	43	44	12	36	35	14	32	17	8	25	16	9	12	24	2	39	13	9	13	18	9	38	40	36	19	28	13	19	26	1	26	
2	28	9	20	24	7	45	33	39	4	34	9	34	17	16	19	9	39	24	47	20	25	19	44	44	27	6	26	31	26	5	6	38	42	30	25	24	13	12	4	8	14	14	40	37	7	5	23	28	42	
20	24	15	28	40	4	2	2	24	20	22	26	18	20	17	24	17	16	25	27	3	2	7	20	19	2	5	14	5	9	14	6	35	10	18	2	18	14	20	3	18	15	29	11	29	15	32	29	35	6	
35	35	23	21	42	4	31	42	26	22	16	23	28	33	36	26	19	27	13	18	16	35	9	31	34	13	28	30	2	39	40	23	37	28	20	10	2	44	3	39	40	13	37	11	35	12	2	11	37	28	
6	14	3	10	38	23	25	13	28	21	6	10	37	18	30	36	11	11	26	37	35	13	28	19	29	16	1	21	9	33	22	16	8	31	39	29	21	8	22	21	25	31	23	30	31	11	21	21	30	21	
18	22	23	30	6	24	20	33	24	29	20	14	35	20	15	8	4	11	24	10	20	24	14	1	17	2	7	17	17	24	30	30	28	17	25	22	18	12	8	14	9	19	3	24	2	8	30	29	38	4	
20	15	6	38	28	25	9	46	39	22	33	27	30	35	26	10	27	47	12	13	1	43	31	20	34	33	24	36	34	8	23	19	35	39	31	18	42	2	4	22	7	32	19	28	14	6	23	7	42	30	
17	12	14	28	16	19	32	11	20	14	36	24	35	14	20	12	24	9	39	26	20	22	31	21	29	18	21	4	30	38	19	21	21	33	42	6	29	28	27	19	1	24	8	26	11	22	20	38	32	33	
10	30	19	18	2	10	2	29	4	36	22	12	32	5	31	31	10	23	31	14	8	7	13	35	39	23	17	24	4	14	28	12	2	38	20	30	29	19	26	1	15	40	12	33	11	27	29	18	41	26	
29	24	36	14	47	21	4	27	35	5	12	36	24	29	19	34	28	16	2	19	35	9	20	38	23	13	30	3	8	29	9	10	24	28	25	23	25	24	26	27	26	26	40	32	9	14	15	1	22	24	
34	29	38	38	24	39	33	8	17	31	2	10	1	19	34	12	19	3	37	39	35	21	33	8	32	23	22	15	35	33	3	38	22	20	5	23	25	25	8	24	35	30	19	31	23	1	2	5	2	23	
7	2	13	4	3	12	19	29	4	9	23	14	26	22	21	13	11	21	19	13	10	22	1	36	32	11	11	28	15	24	10	6	20	26	12	21	15	18	4	9	13	19	19	23	29	7	10	24	29	26	
14	9	2	8	1	19	25	28	14	10	21	21	44	20	11	29	21	18	17	32	24	18	20	11	10	7	16	24	19	34	8	18	23	6	1	27	19	23	20	16	20	26	17	22	7	19	17	28	6	22	
39	43	7	41	31	1	19	45	15	24	19	3	40	15	2	2	18	26	47	29	37	10	30	39	12	17	33	24	24	15	45	32	30	19	28	11	30	31	16	30	11	40	18	4	38	15	20	39	19	25	
33	37	14	41	42	17	25	19	31	6	35	48	18	35	29	7	15	23	34	34	2	19	22	5	20	9	32	16	24	16	18	42	3	7	33	17	25	28	21	36	31	1	25	26	25	10	7	19	43	19	
6	1	13	24	28	9	3	36	34	2	33	13	28	21	20	23	9	15	8	29	13	27	9	29	24	19	10	30	28	12	9	10	34	4	20	7	8	14	16	7	11	5	18	16	15	11	9	22	15	20	
19	14	16	28	4	11	25	31	34	12	8	26	32	8	11	30	8	1	26	29	13	31	8	7	34	18	19	34	3	14	22	13	26	28	19	10	34	16	16	21	13	31	9	23	44	13	5	12	15	21	
4	12	24	11	15	22	16	12	21	16	35	24	38	29	6	17	9	17	10	17	35	19	20	2	29	8	8	25	8	32	18	14	13	20	11	30	21	28	7	10	18	29	7	17	35	22	15	25	28	23	
23	31	25	2	19	5	33	5	37	33	7	24	20	24	31	12	30	32	15	29	15	18	20	41	39	18	23	9	13	47	13	2	13	31	21	21	12	41	14	21	31	20	42	20	22	23	13	22	9	27	
28	23	35	31	24	23	14	14	26	30	31	33	29	35	5	26	14	18	35	6	14	17	17	20	4	4	25	21	5	26	31	32	23	18	28	44	10	29	3	23	29	21	38	23	40	18	25	17	43	19	
21	25	34	35	17	20	29	7	32	15	23	15	19	23	16	9	9	6	20	25	35	18	17	21	7	15	10	20	2	27	33	12	14	20	13	23	17	23	7	12	19	22	30	18	15	30	3	29	3	7	
19	19	31	17	20	28	20	3	4	25	10	30	14	22	35	20	10	30	25	32	26	4	10	27	14	20	5	9	22	13	21	28	20	18	21	36	3	18	4	19	30	26	27	16	29	29	27	1	38	24	
18	18	30	13	34	26	20	40	18	25	16	30	17	16	28	24	2	12	10	27	38	24	15	31	23	2	25	19	11	35	23	27	20	17	3	23	18	33	18	25	29	24	20	33	40	14	24	15	20	17	
31	34	28	35	11	17	33	15	37	8	31	20	16	19	10	20	25	18	13	29	21	31	15	3	24	15	26	32	26	28	14	20	9	27	26	26	31	19	41	26	4	30	43	1	35	30	14	38	15	29	
20	31	10	25	3	38	19	26	30	23	23	27	9	35	28	3	11	26	6	5	14	5	26	36	42	21	18	33	8	8	33	33	25	16	37	29	19	3	37	14	42	25	40	22	33	4	30	38	45	36	
18	22	22	21	27	14	7	27	11	29	19	33	27	20	15	11	4	3	20	14	32	11	2	18	10	12	12	6	4	24	30	26	27	4	13	29	5	20	27	16	16	19	23	31	27	24	30	16	30	4	
17	21	30	31	39	29	21	26	23	26	19	6	16	18	13	26	19	1	29	29	11	26	11	13	16	4	6	16	3	23	12	29	2	15	22	13	18	13	27	2	15	18	19	30	4	13	29	27	13	3	
30	25	7	17	23	7	18	37	15	32	41	37	43	18	36	43	2	34	34	21	1	3	35	39	29	25	14	8	28	30	4	25	30	1	19	20	28	30	12	14	8	27	9	6	40	34	2	2	4	25	
24	19	29	36	12	29	28	38	32	26	17	31	18	26	21	8	25	24	37	35	6	5	20	24	23	10	25	23	25	10	19	28	34	3	2	14	15	26	5	15	1	25	33	19	33	9	20	30	43	10	
34	40	25	29	35	7	9	3	19	36	1	38	36	24	34	16	27	40	32	46	26	36	32	37	5	42	26	11	22	33	10	37	26	7	29	8	24	39	41	28	18	14	44	7	44	5	24	5	37	23	
23	27	39	36	39	37	39	25	23	14	25	39	44	13	20	27	29	11	36	27	14	32	19	23	14	29	24	7	11	16	35	21	18	8	30	34	24	14	22	15	1	24	32	12	8	32	23	17	8	9	
30	38	10	10	10	22	23	37	41	14	30	34	20	41	39	43	13	3	32	8	35	24	28	3	42	21	25	38	8	33	46	21	32	9	37	7	21	18	2	9	9	8	31	30	20	31	21	30	46	35	
23	19	20	9	3	22	20	9	4	26	3	27	46	19	10	23	28	19	22	19	26	25	22	23	18	27	12	32	19	32	27	27	20	42	33	28	20	25	21	9	30	6	20	26	29	23	20	14	41	37	
33	33	27	17	23	30	9	25	9	18	32	1	7	12	41	23	21	31	29	37	25	3	11	3	25	19	29	3	20	13	22	16	18	18	22	6	28	41	4	21	25	8	35	14	11	22	3	7	2	30	
24	30	22	24	9	21	26	20	15	29	29	4	39	34	1	30	4	22	39	16	6	10	21	9	29	8	24	25	23	38	27	18	31	6	4	6	24	5	4	30	16	21	24	20	40	16	8	31	33	23	
33	35	16	30	23	30	29	4	13	42	28	13	33	2	27	41	8	29	5	41	5	27	9	2	9	19	38	29	6	25	40	37	20	34	20	40	32	29	3	22	38	31	2	26	37	9	5	17	25	29	
5	19	1	29	21	29	35	6	31	26	6	22	8	17	12	23	17	31	17	13	33	30	11	15	14	21	2	14	3	21	27	27	37	2	4	10	16	3	25	26	13	11	24	28	6	24	27	32	10	1	
31	35	35	6	34	19	20	1	24	23	31	38	2	33	17	1	17	16	5	15	16	24	15	19	23	2	14	19	17	5	18	33	21	17	21	12	17	33	18	3	17	28	12	26	39	11	17	26	39	17	
19	23	33	14	16	27	20	1	8	21	21	28	40	21	16	5	25	22	32	5	30	24	15	19	18	25	20	18	25	21	1	5	24	14	26	15	20	21	25	23	14	20	14	32	28	28	25	8	5	5	
27	32	36	11	26	14	19	40	10	13	30	32	25	1	25	25	18	17	11	10	4	8	10	2	24	3	26	4	18	34	17	32	1	13	21	8	19	23	13	25	21	6	36	22	28	24	14	30	34	14	
29	29	21	30	21	30	7	19	24	18	6	41	42	24	26	30	6	11	35	11	35	14	17	4	28	27	24	28	36	5	37	27	12	3	28	10	24	31	39	33	27	29	15	42	17	38	37	33	16	15	
25	30	14	25	38	38	17	18	25	37	13	31	29	28	31	24	14	4	22	14	22	26	4	31	12	14	8	31	23	7	31	16	29	1	15	22	23	36	7	14	32	35	32	45	43	26	31	27	32	20	
14	11	23	24	6	20	12	33	29	18	26	23	5	9	21	19	13	23	11	10	34	19	3	9	34	13	20	12	22	40	19	17	4	4	14	32	29	27	26	11	3	28	28	40	35	21	13	26	31	26	
13	8	20	29	7	18	9	30	34	15	17	20	16	2	12	14	16	11	28	31	24	30	10	7	14	17	16	1	21	21	14	17	2	14	21	26	16	17	14	15	13	16	24	7	5	18	5	11	14	1	
15	10	15	15	37	10	4	41	25	17	8	9	18	29	29	25	17	17	17	28	31	18	7	8	24	3	19	16	18	16	1	19	29	18	14	18	19	20	25	5	21	4	27	10	37	11	18	1	35	18	
2	19	23	30	6	27	16	19	7	12	13	30	16	26	28	2	17	16	33	7	29	24	15	31	23	2	21	19	11	23	18	23	23	17	15	22	18	28	23	2	29	26	10	30	32	13	27	12	42	17	
10	23	14	6	22	19	35	41	27	30	21	35	40	21	16	34	25	35	21	33	31	34	15	18	18	25	20	18	8	25	5	27	10	18	2	13	17	21	18	30	1	20	28	4	28	26	17	26	23	5	
16	14	26	30	27	24	26	19	25	10	18	26	29	7	13	31	22	32	20	32	24	31	12	16	6	22	17	15	24	7	8	23	7	11	3	27	17	14	26	17	14	4	18	29	25	11	12	29	16	2	
6	1	13	24	28	3	27	37	13	8	22	9	16	21	20	21	13	43	28	34	24	29	23	38	8	31	10	30	17	5	9	10	3	3	18	29	4	9	16	4	12	9	18	44	24	11	9	27	32	40	
8	12	24	22	39	22	32	31	30	19	10	24	29	10	5	34	14	24	21	24	35	23	4	8	7	14	9	7	23	14	20	20	30	7	15	19	9	10	18	19	6	9	17	21	17	17	20	25	28	29	
M2
16	21	10	17	22	11	20	18	20	33	21	12	38	31	15	24	8	7	10	13	19	22	15	20	16	4	16	2	31	20	31	25	14	18	18	27	17	11	4	20	12	2	30	4	18	21	21	24	32	6	
41	37	10	22	23	29	24	20	24	37	19	16	18	31	17	34	20	21	31	6	17	23	21	6	5	17	16	22	30	14	35	35	20	16	28	23	18	20	26	17	19	20	30	24	3	6	22	35	32	4	
29	29	26	7	8	14	9	5	9	22	7	1	35	16	2	19	26	6	16	25	23	8	6	5	6	2	1	7	31	6	35	20	5	8	23	12	3	21	11	15	21	5	15	9	7	7	7	20	17	8	
34	18	1	13	14	20	7	11	15	28	13	7	38	22	2	6	32	12	2	31	29	14	12	11	12	8	7	13	1	10	36	7	11	8	4	15	9	1	17	21	27	11	21	15	13	13	13	26	14	5	
14	27	13	25	26	32	27	23	27	20	19	19	19	3	20	1	6	10	34	33	21	26	5	23	24	20	19	25	34	22	36	34	14	10	14	30	21	15	2	29	2	10	3	27	5	25	25	6	35	26	
15	41	10	22	14	22	18	19	24	24	13	16	38	29	17	9	27	12	2	25	31	14	8	3	21	17	16	19	37	12	19	14	20	23	31	10	9	30	26	2	4	11	30	1	16	13	13	35	32	23	
19	26	30	5	41	18	19	6	1	30	40	33	32	14	30	9	8	36	24	3	14	18	38	40	5	26	35	42	13	38	42	20	29	14	17	42	36	28	30	4	15	20	32	20	3	6	40	33	20	37	
38	7	14	16	20	23	18	4	12	31	19	10	32	15	21	26	21	18	12	1	12	1	18	24	7	1	6	11	35	18	27	32	14	27	9	31	15	25	20	25	11	16	26	21	16	17	19	30	8	5	
39	9	5	17	18	18	19	15	19	32	17	11	30	1	12	29	27	16	6	17	8	18	16	15	16	12	2	7	25	16	39	30	15	18	23	22	13	16	21	22	18	15	25	19	17	17	17	30	27	18	
29	44	23	35	30	19	32	33	11	18	19	29	31	18	1	8	25	20	14	25	7	29	31	5	34	1	29	35	36	32	38	12	11	12	32	36	29	42	39	26	7	31	12	34	35	33	23	39	31	36	
8	39	30	10	6	14	10	16	21	33	5	13	34	5	24	3	33	2	6	32	23	6	4	34	7	12	29	33	11	4	4	18	17	5	14	17	1	22	21	2	32	3	9	7	9	5	4	34	34	39	
25	33	31	3	7	10	5	3	5	18	6	20	31	20	8	15	22	5	12	32	24	7	5	28	2	6	30	34	30	5	33	19	1	16	21	18	2	23	7	12	26	3	24	8	3	6	6	18	18	27	
41	7	33	28	22	30	18	32	1	20	21	37	30	19	40	41	8	8	32	45	15	16	20	10	34	24	9	13	3	7	16	33	17	44	24	7	17	27	20	23	22	19	39	23	29	21	21	43	29	40	
44	24	31	10	23	39	2	34	36	35	15	28	31	4	15	28	41	1	39	40	24	16	28	12	33	37	30	35	4	4	11	5	27	5	7	37	26	23	17	16	25	28	6	27	26	30	12	27	25	13	
31	15	39	26	8	14	12	7	35	21	7	36	29	19	20	18	36	6	2	34	7	8	6	36	26	14	16	15	31	6	12	20	29	18	25	11	3	13	24	15	43	2	12	9	12	5	7	42	41	30	
14	20	35	7	8	4	12	11	13	22	7	5	39	20	16	23	30	6	20	29	25	8	6	23	10	14	31	32	31	6	4	20	9	7	19	9	3	24	12	15	34	5	12	9	4	7	7	26	26	35	
36	34	37	44	33	31	32	26	24	22	32	38	31	5	3	12	38	9	29	27	32	2	31	27	20	38	36	40	10	31	3	41	17	44	31	17	28	20	13	40	8	30	16	19	26	32	9	44	47	28	
11	11	37	16	2	26	10	19	21	31	20	13	9	4	24	31	1	21	28	35	27	19	11	18	18	22	39	25	6	13	13	35	17	19	31	31	18	24	8	28	23	19	40	24	14	22	22	31	34	41	
40	22	35	19	11	16	11	1	23	15	11	23	11	3	4	35	14	28	26	30	39	21	5	40	28	5	33	26	33	30	24	11	19	26	10	30	27	6	14	21	29	3	35	32	21	31	31	42	37	34	
21	24	35	28	13	23	23	21	30	3	2	41	7	13	13	43	7	18	6	10	38	37	8	33	45	3	17	46	41	22	4	22	23	7	17	34	38	18	20	26	19	17	21	2	22	29	26	18	42	31	
5	34	25	14	11	1	4	14	16	13	17	8	14	31	19	20	14	9	20	10	35	18	14	25	13	17	10	37	9	16	24	30	6	27	11	27	13	3	18	23	26	14	35	19	14	17	4	29	2	23	
45	29	39	28	28	35	18	28	8	37	13	22	36	25	33	6	36	29	37	32	24	31	29	37	12	30	22	38	12	29	8	43	5	10	22	34	26	10	32	34	5	28	39	32	24	22	23	17	39	23	
37	36	13	18	12	25	5	18	20	16	21	12	7	34	20	30	31	10	23	1	38	22	20	23	17	2	6	25	42	20	11	14	6	9	8	30	17	36	7	20	25	6	30	20	18	4	21	33	22	26	
31	17	10	10	6	17	12	10	12	3	13	4	37	27	7	22	21	12	19	8	6	14	12	2	9	13	16	22	27	12	39	26	8	18	28	10	9	25	14	18	13	3	30	15	10	7	13	25	17	23	
28	22	37	9	13	1	11	9	11	24	12	3	7	2	14	12	11	9	18	14	8	13	11	3	8	12	18	26	14	11	11	25	7	22	2	24	8	29	13	7	29	9	26	14	3	11	12	4	24	30	
6	29	23	31	20	11	25	4	33	36	23	25	16	38	12	7	28	7	16	33	25	15	32	26	9	19	29	18	17	5	16	43	22	6	20	19	29	32	6	9	31	22	21	35	31	21	33	18	7	25	
42	14	21	26	21	33	28	26	11	19	27	20	4	21	12	24	2	15	35	31	27	2	26	14	9	28	17	33	9	4	29	27	24	26	27	38	23	17	30	35	26	9	22	9	26	27	14	19	18	16	
32	10	18	3	23	27	32	12	32	25	27	24	33	31	25	16	10	24	32	41	5	9	26	28	9	25	24	30	17	22	21	19	28	28	4	26	23	2	13	19	31	14	30	24	8	16	27	30	33	24	
26	27	1	7	14	20	15	11	15	28	11	7	13	19	6	25	10	6	22	13	29	4	4	11	12	1	7	13	10	12	9	10	11	14	10	18	9	12	17	21	5	11	21	15	13	11	13	13	15	14	
17	13	38	10	22	1	22	20	22	35	1	14	4	3	18	20	21	2	29	9	23	2	22	14	19	10	19	40	23	22	44	31	7	33	12	34	19	16	24	29	43	3	8	23	20	13	19	17	24	15	
27	21	42	24	19	30	25	24	36	3	21	46	26	22	31	10	26	20	2	21	39	22	20	49	34	28	3	47	11	7	8	34	22	44	37	16	17	33	20	12	47	19	39	23	34	21	21	22	41	16	
40	26	14	6	12	11	20	3	20	14	18	12	11	32	20	23	34	20	27	32	2	6	6	8	17	21	20	12	34	5	10	15	16	27	22	8	17	19	2	14	30	18	19	2	18	9	21	4	33	27	
26	6	9	16	12	28	23	6	23	2	18	15	32	13	16	14	23	16	30	7	18	17	20	19	20	16	15	1	29	20	18	32	19	22	17	26	17	15	8	18	34	19	29	10	12	5	21	12	19	1	
44	7	13	7	26	32	4	15	27	40	25	19	32	34	13	34	2	24	24	43	11	26	24	20	21	20	19	25	10	24	13	32	15	2	8	28	21	9	29	30	3	23	16	4	25	25	21	11	16	26	
33	5	13	14	13	21	16	14	16	2	12	8	5	30	19	25	31	11	23	4	27	11	11	21	13	17	19	25	36	7	13	25	12	15	27	24	8	12	7	12	2	10	11	14	14	12	12	9	29	26	
30	27	38	25	22	17	26	8	27	25	21	19	25	14	16	19	19	20	5	5	27	3	20	20	10	25	40	10	2	20	20	34	23	37	3	2	17	24	29	29	25	9	23	11	4	14	21	18	1	24	
42	39	35	38	4	12	8	14	37	31	3	32	36	41	42	42	32	2	33	30	21	4	2	32	37	10	27	31	27	2	36	16	35	35	21	15	2	20	21	11	39	1	21	5	38	3	3	49	41	38	
22	37	9	21	6	5	10	16	23	33	5	15	38	9	16	14	22	2	18	32	13	6	4	19	20	11	15	19	10	4	22	14	19	13	15	4	1	22	23	4	25	1	23	6	21	5	5	34	28	22	
2	16	31	10	13	16	12	10	6	25	13	4	10	16	15	4	29	12	17	24	31	14	12	18	2	13	14	41	25	12	28	4	7	23	28	25	9	2	14	19	22	10	31	15	10	13	5	25	25	22	
47	37	41	30	34	35	33	36	10	4	13	45	11	33	32	20	37	37	24	18	3	9	29	41	26	11	16	15	19	9	6	1	6	29	12	38	34	29	35	40	30	36	49	6	16	10	32	37	45	7	
47	33	39	11	26	26	27	36	37	3	25	39	48	20	6	9	33	24	17	47	11	26	24	41	13	1	31	15	7	24	40	32	35	19	31	19	21	29	40	33	23	9	35	15	17	24	12	34	32	27	
22	9	3	15	2	22	17	13	17	30	7	9	35	24	10	27	27	14	10	29	6	16	1	5	14	10	9	10	37	12	35	12	13	1	15	20	11	24	19	22	3	13	23	2	15	15	10	28	25	16	
46	34	12	24	25	10	26	22	26	21	24	18	18	18	3	6	36	23	33	18	25	25	23	22	23	19	8	24	36	23	30	9	22	21	31	17	20	35	19	32	33	4	5	7	9	16	7	7	9	25	
43	20	9	21	22	28	23	4	23	6	10	15	24	20	16	11	28	20	30	30	18	22	20	4	20	16	15	21	38	20	38	34	15	6	2	26	17	28	6	29	34	19	17	10	16	2	3	8	16	22	
2	35	18	28	10	16	14	7	16	15	9	24	8	39	4	34	30	8	39	36	12	10	8	17	29	16	24	30	33	7	10	22	28	31	9	17	5	26	7	16	37	7	27	11	1	9	9	13	20	13	
32	26	4	4	2	17	12	10	12	7	13	4	23	25	11	22	28	12	19	7	28	14	12	14	9	11	10	11	8	12	37	9	8	17	27	21	9	12	14	16	16	10	24	15	10	13	13	25	15	3	
27	27	6	8	12	15	10	8	10	21	2	2	35	22	13	20	2	10	10	34	29	12	10	16	7	11	12	18	33	10	10	16	6	19	26	23	7	3	12	15	18	8	25	13	8	11	11	23	11	8	
16	2	29	1	3	11	18	33	19	28	27	33	1	3	8	34	34	25	20	7	3	7	27	18	38	34	35	28	12	27	12	21	26	21	31	27	24	3	43	24	1	23	26	29	27	28	12	29	32	14	
23	15	23	7	5	14	9	7	9	13	8	1	7	17	4	1	11	8	16	36	27	10	8	10	6	7	27	29	10	8	5	22	5	20	25	21	5	22	11	16	7	7	22	11	7	9	9	22	22	6	
43	19	49	24	44	48	1	9	41	34	4	35	16	10	44	24	25	14	45	38	40	22	26	44	40	31	32	33	17	20	24	6	20	9	23	23	40	44	29	13	8	41	45	40	29	35	16	16	34	37	
M3
27	31	24	15	20	18	15	13	18	18	24	25	12	23	22	23	14	26	16	10	19	17	16	26	28	21	10	23	13	19	1	21	3	26	22	14	16	30	21	16	3	20	19	18	23	2	26	15	22	24	
26	28	2	14	5	10	28	7	22	25	13	24	14	23	22	25	35	24	25	8	3	20	19	4	28	18	30	24	20	18	5	13	18	18	18	24	13	29	21	20	23	16	18	31	13	24	36	19	15	17	
16	30	35	12	27	34	23	20	14	9	37	30	7	19	23	21	38	21	30	26	19	28	40	34	26	29	37	3	3	30	38	9	24	30	36	7	21	26	17	37	17	32	4	28	21	28	17	36	36	38	
21	17	22	21	21	3	34	4	20	3	12	18	12	19	26	16	30	20	20	6	23	15	14	14	23	13	33	19	13	13	2	18	32	30	13	12	7	19	17	10	16	6	13	28	9	30	30	13	10	12	
28	20	9	27	19	18	7	30	13	18	26	26	28	32	25	10	34	28	30	16	27	22	31	19	25	13	31	17	1	21	3	16	30	29	28	5	5	8	31	18	20	34	19	24	5	7	18	17	27	29	
16	17	22	12	12	5	20	22	19	10	20	15	5	14	21	13	24	8	28	13	7	23	7	12	6	2	6	6	14	16	17	10	26	3	9	15	32	16	12	4	14	19	10	17	6	18	12	22	18	15	
12	14	19	12	18	2	2	12	9	10	3	28	3	11	11	2	20	5	11	10	14	6	5	3	12	8	23	11	6	3	3	12	19	16	4	9	24	6	9	18	11	16	4	17	10	15	25	17	1	3	
28	28	25	20	4	18	27	11	10	1	20	34	2	21	18	5	25	28	12	17	15	22	22	21	20	33	22	15	15	21	26	31	8	22	21	24	27	25	32	41	18	23	21	6	25	25	7	12	18	20	
30	24	29	6	23	18	23	8	23	8	5	23	15	21	12	23	25	15	34	20	24	23	24	23	18	20	1	16	25	8	7	22	24	37	3	22	23	2	19	22	21	5	16	21	15	10	32	8	24	26	
3	20	3	4	8	19	2	16	10	6	23	13	5	15	19	8	2	11	28	16	14	5	25	2	22	10	10	8	7	20	19	9	4	20	5	16	20	8	13	27	15	21	22	14	11	21	29	8	21	10	
9	14	16	8	1	23	14	19	14	10	14	18	14	1	12	10	6	15	6	20	9	6	8	16	15	24	13	9	9	15	20	13	8	16	15	9	21	25	6	14	8	17	15	17	9	19	22	15	12	14	
2	9	14	16	28	25	6	21	1	16	12	8	12	13	10	15	14	20	4	25	7	6	10	14	20	25	8	5	7	13	14	21	16	14	13	14	19	24	11	29	10	12	13	19	15	17	12	15	10	12	
21	23	10	21	14	3	30	21	28	18	12	23	12	1	10	8	30	20	4	4	7	15	14	4	22	11	25	12	7	13	18	23	16	14	13	4	19	4	13	28	10	3	13	19	17	17	29	8	10	12	
16	17	1	21	18	18	1	34	18	18	25	2	12	17	16	11	26	25	31	16	28	26	34	13	5	7	32	14	27	18	24	11	28	26	22	14	5	29	19	23	21	28	24	19	17	32	28	20	30	25	
17	20	31	4	19	7	23	16	18	12	15	21	16	9	19	11	21	24	24	16	27	18	26	3	16	7	22	10	15	20	27	9	4	27	22	10	5	31	7	23	9	19	16	1	11	20	23	20	29	26	
9	25	13	18	18	2	25	18	17	18	14	28	14	15	12	17	22	22	6	24	7	17	16	16	16	27	7	14	5	15	20	29	6	16	15	16	21	6	13	24	12	17	4	16	17	8	12	17	12	14	
29	23	9	1	22	16	7	13	7	3	20	42	19	12	16	14	25	14	25	19	11	15	22	22	19	28	7	13	16	17	28	6	1	30	20	13	29	28	10	24	12	25	19	11	8	18	26	10	18	20	
18	7	12	18	22	22	31	25	9	7	14	32	11	4	24	6	23	14	19	3	16	13	18	18	11	19	24	5	19	7	21	5	23	20	17	5	30	18	2	28	4	9	11	13	3	8	18	24	14	16	
15	17	12	15	22	19	24	15	25	14	6	20	6	20	4	17	24	14	11	19	1	9	8	8	17	19	32	6	1	7	12	21	16	8	7	13	13	18	18	27	4	9	7	13	11	11	23	9	4	6	
17	14	22	18	2	2	21	24	19	8	8	16	21	14	15	16	18	8	23	13	26	16	17	23	7	24	2	9	24	1	17	15	20	4	24	15	24	12	12	32	14	7	8	23	13	18	28	4	21	13	
20	19	24	1	21	23	26	20	9	19	11	2	4	18	8	22	22	19	19	24	21	14	5	13	22	10	30	20	8	12	28	4	20	19	12	26	21	23	23	5	25	5	12	17	24	28	20	30	9	11	
21	31	20	2	30	29	25	23	15	15	14	3	14	12	26	14	32	22	22	26	17	17	16	16	19	10	5	13	14	15	29	29	14	8	15	13	20	19	10	15	12	27	5	21	14	23	26	4	12	14	
8	26	12	2	25	19	10	16	10	1	23	28	22	15	19	10	2	17	28	7	14	18	4	6	22	19	9	16	8	20	25	9	4	21	23	5	25	30	13	27	15	3	22	14	11	21	8	13	21	23	
17	25	7	13	1	21	20	17	25	6	8	2	6	3	22	5	22	16	16	3	11	9	10	10	10	19	26	4	8	9	6	23	24	21	9	4	18	20	1	15	3	24	9	12	5	5	17	20	6	8	
19	26	6	4	13	19	10	10	10	6	18	10	19	12	19	14	2	17	19	22	14	17	11	25	19	26	10	13	19	11	11	9	4	16	17	7	29	21	10	8	12	20	19	2	11	21	26	13	21	23	
19	17	19	1	31	26	8	18	17	11	18	33	15	8	21	10	9	8	23	13	8	17	20	28	15	9	17	9	23	17	7	15	11	26	2	9	17	28	6	22	8	8	15	17	10	18	22	20	24	26	
32	19	10	17	5	17	18	34	17	12	24	32	31	24	20	26	25	24	39	15	17	33	36	6	12	3	3	25	27	20	23	6	27	32	5	25	4	31	22	8	8	11	28	26	22	33	27	19	40	39	
16	7	19	6	10	16	12	13	16	14	21	32	7	11	23	13	30	5	17	10	20	13	25	25	18	26	31	12	20	14	27	12	12	27	24	12	32	25	9	20	11	16	18	20	10	15	25	7	21	19	
25	19	24	17	13	22	30	1	30	17	16	30	4	14	16	6	22	24	10	1	5	19	3	18	1	11	16	8	13	17	24	14	24	20	17	15	25	19	12	28	14	21	17	22	1	23	28	11	14	16	
16	10	15	12	9	22	19	25	12	1	1	33	14	7	11	9	11	1	22	6	19	9	10	18	4	22	19	2	19	10	10	8	13	23	17	8	24	5	5	25	7	12	2	16	6	11	21	22	14	16	
31	34	28	20	12	25	26	32	10	12	23	30	23	17	14	9	18	31	15	28	18	26	25	21	14	26	18	18	9	24	29	20	20	18	24	14	27	23	15	2	17	26	7	23	18	28	31	1	21	23	
31	25	15	21	23	15	15	26	9	16	16	39	17	22	25	11	26	16	19	21	22	1	17	29	19	16	32	17	22	9	25	18	23	28	25	23	34	9	20	40	5	14	3	23	21	26	36	30	25	27	
26	23	28	3	12	6	10	3	25	14	14	41	20	20	24	20	24	14	35	9	32	5	23	31	17	34	32	15	6	7	23	14	5	30	10	16	35	18	18	34	20	25	15	6	19	8	34	33	27	29	
2	18	10	19	17	22	6	22	20	8	9	1	12	5	7	7	18	9	16	14	19	14	18	18	12	9	14	6	18	2	18	16	18	13	22	6	18	2	3	29	5	8	10	14	7	9	19	12	22	7	
14	18	27	13	21	16	20	10	24	13	5	8	5	10	13	16	17	13	13	8	16	6	7	7	15	28	25	14	8	6	22	20	1	23	6	15	26	17	12	16	14	1	6	16	16	8	28	24	3	5	
19	24	21	13	18	22	3	13	19	15	10	31	10	22	8	21	11	16	18	21	18	13	12	12	21	13	19	8	13	11	13	18	13	28	11	23	21	13	20	28	15	27	11	6	20	21	27	22	8	10	
21	8	20	15	7	6	22	27	6	6	16	36	23	20	18	16	22	16	36	4	16	24	25	7	13	1	22	15	29	9	21	4	24	24	16	23	18	20	20	11	22	22	17	18	11	23	16	8	29	31	
14	3	27	14	19	17	28	11	13	13	5	28	5	18	2	16	23	13	13	18	16	8	1	7	16	7	2	14	8	6	5	19	14	16	6	4	12	17	17	20	19	7	6	11	18	23	3	19	3	5	
26	33	30	15	35	19	28	23	23	4	21	31	8	1	22	3	26	32	16	21	19	10	26	21	8	17	24	2	19	25	30	33	23	19	18	2	31	23	19	25	1	22	8	10	3	12	15	21	22	24	
15	16	10	22	21	24	19	15	28	21	22	14	25	11	10	19	21	22	29	26	32	20	12	4	18	12	27	4	10	15	31	13	19	2	26	15	15	15	16	11	6	21	12	19	17	22	3	3	33	7	
16	30	11	15	27	18	25	18	28	20	29	30	12	21	38	12	32	29	32	24	33	20	35	7	28	18	33	22	21	22	38	29	6	30	2	19	40	32	19	16	11	6	28	21	23	8	35	29	31	33	
25	30	8	22	19	7	16	6	31	27	19	5	19	24	14	30	24	27	11	28	14	22	21	7	30	8	32	19	14	20	23	27	19	21	20	26	26	12	27	7	17	11	3	14	21	24	36	6	17	19	
20	13	29	21	25	18	18	34	24	24	29	16	9	29	28	2	34	27	22	4	20	16	32	25	31	19	13	16	21	22	22	13	22	13	5	13	11	22	27	16	25	32	20	1	29	24	6	5	28	17	
19	15	1	19	16	20	26	19	12	8	6	35	10	14	15	16	18	8	18	5	21	13	12	12	11	15	22	9	13	1	17	15	20	28	11	15	7	12	12	13	4	19	9	23	13	18	3	22	8	10	
21	17	18	16	16	25	6	18	3	8	8	26	12	14	10	16	18	8	4	13	7	5	14	13	11	20	10	9	7	1	17	15	20	14	13	14	12	12	12	16	10	15	9	7	2	17	25	15	10	12	
19	27	20	17	26	20	11	3	20	18	10	11	7	18	5	21	28	18	18	23	21	13	12	12	16	20	35	19	13	11	27	20	17	28	11	23	18	15	20	3	11	4	11	14	10	19	24	29	8	10	
2	11	23	4	6	23	2	28	18	9	9	19	3	15	14	17	19	9	30	14	27	17	18	25	12	29	17	10	6	2	2	16	16	31	16	10	27	6	13	14	8	20	2	23	14	15	21	10	22	24	
22	10	16	17	20	9	9	17	13	4	18	29	15	8	28	10	22	2	23	7	17	17	22	20	1	8	28	9	23	11	18	9	24	24	21	9	6	22	6	12	8	5	9	17	7	12	15	11	18	11	
10	18	23	10	17	28	26	10	20	9	1	30	1	15	15	12	19	9	9	14	12	4	3	3	12	30	27	10	4	2	18	16	21	19	2	16	24	13	13	26	15	20	2	24	14	19	24	20	15	1	
12	21	21	13	17	27	19	4	19	15	19	20	19	14	12	26	11	26	27	31	14	22	14	16	30	9	19	25	22	20	7	16	13	17	20	11	25	28	22	22	1	30	20	21	20	23	8	21	17	19	
M4
25	22	4	32	30	8	18	33	29	23	7	33	22	26	18	16	24	16	32	20	10	14	15	29	16	23	38	32	19	12	34	33	26	11	27	23	18	27	15	9	10	29	15	32	28	27	14	25	28	41	
11	30	23	11	8	18	19	2	23	23	7	8	25	21	7	14	16	1	24	12	20	9	14	19	29	2	27	12	9	28	22	12	7	26	9	23	32	6	13	31	27	19	27	11	7	29	7	30	11	23	
16	20	24	23	32	12	9	26	20	28	19	24	26	33	9	7	15	17	31	24	1	5	31	20	7	14	39	29	21	3	27	24	29	2	40	14	34	18	22	21	9	20	22	23	22	24	5	16	19	32	
23	11	10	22	3	15	24	34	34	21	11	23	24	23	20	22	22	19	19	23	16	20	22	33	22	13	35	24	20	18	9	23	34	17	37	11	20	12	4	13	24	30	6	22	4	32	18	30	19	14	
27	15	30	17	29	12	6	5	30	4	24	21	2	13	26	2	18	40	27	5	32	24	3	17	32	19	35	22	26	13	9	6	30	28	3	20	13	3	22	18	19	34	2	27	25	1	24	32	16	29	
12	26	44	19	33	24	19	23	42	38	25	2	17	4	18	36	22	35	30	2	29	29	27	30	17	24	32	2	10	39	15	6	13	9	33	33	43	5	35	17	32	41	32	1	9	14	29	30	27	28	
12	2	23	13	28	17	19	16	25	10	9	6	38	22	20	16	3	36	37	13	17	11	13	2	35	4	29	11	11	18	9	14	28	26	30	5	40	8	7	3	4	20	4	12	25	28	9	33	1	14	
24	35	34	3	15	2	34	8	42	4	24	18	5	37	34	35	21	28	23	14	10	25	21	29	34	23	11	19	10	6	31	27	12	29	34	34	28	26	21	8	25	1	20	7	5	33	28	20	16	20	
4	33	19	23	28	29	22	7	8	22	20	14	25	34	7	30	15	4	31	7	25	25	30	29	31	18	43	23	14	27	18	28	14	8	25	36	26	22	29	10	33	10	28	27	28	36	23	30	13	31	
1	28	5	26	9	22	18	23	21	37	29	25	34	35	19	8	17	27	17	34	11	15	7	1	16	24	30	4	31	13	6	34	36	12	12	24	44	28	28	30	17	4	31	33	14	32	15	21	28	22	
3	2	32	16	12	15	29	23	5	5	10	32	20	33	40	23	14	21	13	5	28	25	21	28	43	22	35	22	27	17	12	31	33	30	27	35	39	24	23	30	20	39	14	27	33	8	5	13	12	29	
25	1	4	4	25	2	17	27	25	36	28	17	31	42	13	16	24	9	17	33	10	14	27	28	16	23	21	16	15	12	9	5	38	11	21	23	18	7	7	29	18	24	30	32	17	33	14	25	27	36	
13	7	4	16	26	18	18	17	10	33	11	17	6	23	18	16	22	13	36	14	10	4	15	18	16	7	21	12	14	12	35	1	25	11	20	23	21	11	18	30	18	24	29	16	4	32	12	18	2	7	
22	25	31	19	36	4	14	34	31	33	15	20	25	34	10	11	22	8	12	2	19	16	29	25	18	10	6	29	17	36	17	20	13	37	36	28	35	14	21	4	27	9	27	19	25	4	15	33	19	27	
1	18	14	17	36	24	7	32	11	26	13	18	1	20	28	17	19	36	35	18	20	15	7	18	24	8	30	16	15	22	25	18	39	21	28	17	8	12	19	19	20	25	4	17	30	31	13	6	17	29	
27	17	22	21	24	23	21	28	7	30	3	36	32	14	28	34	27	4	2	15	1	21	36	16	31	34	31	35	7	30	4	3	36	4	17	13	17	38	26	33	17	4	19	31	18	30	20	5	25	7	
5	12	25	1	21	20	16	20	25	14	9	3	10	4	26	13	12	20	25	14	28	11	38	27	37	4	29	23	11	17	31	14	40	10	27	13	11	8	15	28	6	21	12	13	26	26	9	1	13	14	
19	13	18	35	39	9	13	23	20	1	18	25	19	38	1	28	18	40	13	5	17	26	25	24	4	26	14	18	2	25	3	14	42	25	8	27	26	6	29	11	16	35	22	23	34	29	28	24	23	21	
28	36	11	17	33	24	25	32	15	22	13	18	3	38	25	16	13	32	2	18	16	15	10	33	23	8	29	27	8	12	3	18	10	9	19	28	44	12	14	37	1	25	19	15	9	14	13	32	17	13	
20	29	7	19	25	3	21	23	30	6	14	17	21	9	9	19	7	17	37	5	9	17	19	3	19	26	45	6	8	15	22	36	41	14	37	26	34	30	14	16	13	27	26	25	1	29	17	8	31	20	
13	9	1	4	28	18	15	17	26	34	10	15	22	23	4	13	21	23	21	14	7	11	28	18	11	5	20	12	12	9	22	5	19	8	27	20	29	9	16	23	15	21	25	14	10	16	10	5	2	26	
27	6	37	11	33	32	6	29	24	8	22	15	28	21	13	14	18	39	20	28	23	26	13	17	17	19	12	26	26	11	24	29	19	38	23	5	38	4	1	16	19	23	4	27	20	37	24	6	16	29	
3	16	20	20	28	1	18	16	32	16	16	5	9	22	22	23	27	7	5	10	17	14	34	17	11	11	10	11	16	18	6	21	28	26	36	32	36	15	18	12	31	22	29	20	16	32	16	37	1	12	
12	19	43	12	21	24	44	32	13	49	26	21	13	24	49	24	39	36	21	6	25	6	17	9	1	35	26	2	32	28	32	15	37	39	33	11	47	25	7	2	43	45	30	34	37	32	19	37	40	14	
24	17	10	11	25	21	6	31	17	25	18	21	14	12	24	22	8	6	1	4	16	20	14	17	22	19	6	26	23	18	5	9	21	17	18	9	13	7	9	9	15	8	19	12	6	31	20	31	16	15	
19	37	20	8	32	15	26	23	20	45	4	9	46	29	34	11	37	35	32	9	23	6	46	24	32	18	24	18	6	25	38	9	35	26	25	34	35	3	10	38	32	16	24	8	30	48	4	41	8	20	
28	22	15	17	38	10	13	11	20	19	13	18	35	10	23	20	14	21	14	4	21	2	30	24	27	8	19	9	15	16	19	18	23	22	34	10	18	12	19	25	26	25	12	17	34	35	13	3	17	13	
35	26	33	23	5	31	24	7	27	23	32	1	9	2	45	17	31	33	10	22	9	27	2	35	35	30	21	8	12	12	1	5	26	26	2	27	43	26	9	25	19	33	37	17	16	13	11	31	34	14	
29	7	13	37	39	1	24	33	23	43	6	38	3	39	27	14	20	35	35	6	2	23	9	34	18	28	31	15	13	4	22	9	40	4	35	5	12	23	34	36	17	23	2	35	40	21	23	33	18	16	
20	20	4	27	10	19	18	24	29	37	7	7	5	28	18	16	24	26	19	1	5	7	30	7	16	18	28	31	25	12	22	28	37	1	17	23	36	22	25	6	18	23	31	27	31	28	14	20	21	25	
14	16	25	18	30	18	5	22	5	24	17	20	9	28	25	24	17	47	3	22	15	1	10	16	25	12	16	17	19	29	3	6	41	8	17	19	17	16	21	17	18	7	18	21	6	1	17	32	15	25	
23	13	15	21	33	28	2	4	22	2	20	17	14	10	20	27	14	34	29	4	21	22	24	3	21	15	38	22	19	23	20	25	12	22	2	10	30	19	18	14	15	31	9	1	26	22	20	31	12	12	
23	19	23	1	15	16	30	27	24	29	4	2	13	33	32	15	1	14	9	13	26	10	8	28	14	3	28	22	10	23	14	7	39	30	29	25	32	7	14	35	17	20	16	10	6	14	8	23	12	13	
18	32	24	30	14	15	21	12	14	40	32	36	32	30	30	36	1	36	1	24	30	10	17	32	36	27	19	27	26	7	32	25	39	26	1	23	16	15	8	24	30	26	34	26	31	40	15	30	17	18	
23	16	9	26	9	23	23	2	5	42	26	31	28	24	23	21	26	18	27	1	15	19	26	33	21	27	14	27	25	17	35	2	43	3	38	8	20	31	4	1	14	34	16	3	8	26	19	7	17	9	
11	29	24	21	35	32	38	15	3	48	6	34	42	21	32	34	17	11	26	20	15	12	35	41	7	30	20	4	37	24	9	31	31	10	7	4	46	25	33	30	25	13	13	7	37	9	22	5	30	38	
5	26	29	19	9	15	15	19	6	27	16	21	10	12	3	23	24	38	30	4	20	17	27	20	31	11	3	14	18	11	2	16	31	29	34	4	28	15	3	27	28	16	3	20	21	14	16	5	4	9	
33	3	32	24	30	2	37	15	26	20	23	28	45	34	33	23	38	41	18	24	35	25	43	39	20	18	37	33	7	35	22	23	37	4	1	7	40	22	7	24	37	9	5	7	25	5	23	12	23	32	
19	30	27	3	9	23	25	21	29	40	15	13	5	5	1	26	12	25	20	22	16	9	6	36	25	14	6	33	18	29	25	4	3	34	40	25	26	18	23	37	28	19	22	3	17	24	12	24	23	24	
25	2	26	14	30	19	32	29	1	39	5	15	18	29	22	17	24	1	38	15	26	10	24	5	21	5	22	3	10	31	30	15	21	32	12	40	41	5	13	35	23	18	22	14	6	34	10	17	14	25	
20	10	11	9	28	17	25	13	9	10	6	11	26	31	25	13	2	14	22	11	1	8	21	26	23	1	26	20	8	19	9	11	5	18	27	23	34	5	12	34	17	16	25	10	19	27	6	8	10	1	
29	4	8	29	12	25	8	32	9	27	2	23	4	18	22	20	20	30	10	28	6	18	23	19	20	21	19	28	28	10	26	31	33	15	38	22	5	25	24	20	2	27	21	29	35	31	6	29	18	26	
7	20	21	1	4	6	9	28	13	15	27	24	7	24	35	8	21	2	32	11	27	5	8	20	33	22	36	29	24	29	27	30	28	22	27	10	34	26	25	21	22	38	14	30	26	2	5	12	19	32	
9	35	10	27	16	11	24	37	3	39	8	31	3	30	24	22	27	15	42	31	16	20	7	22	22	21	30	32	21	18	23	26	44	17	23	8	15	20	4	36	4	1	32	30	9	9	20	31	22	23	
5	36	25	4	10	1	39	19	34	39	18	23	6	33	15	25	4	40	44	23	6	6	4	27	25	13	38	32	3	16	34	23	47	19	28	36	35	17	24	37	22	30	11	22	17	14	18	12	22	5	
28	22	7	10	17	24	11	7	12	30	13	11	3	28	21	19	10	23	18	22	1	17	17	7	12	12	10	15	19	15	23	16	1	8	8	25	8	5	18	23	21	29	2	19	15	23	17	17	21	22	
13	30	26	10	34	8	20	19	26	29	10	15	15	6	5	1	10	26	34	15	23	12	12	12	1	5	30	24	12	28	26	15	17	6	31	31	30	9	16	32	33	4	26	7	30	34	10	28	14	26	
19	26	1	19	27	18	15	32	24	27	7	30	19	38	1	7	21	2	6	30	7	11	25	26	13	20	44	26	13	9	27	26	34	5	30	20	22	13	5	25	15	16	1	27	7	30	11	22	25	26	
8	26	22	16	24	13	15	12	28	34	12	17	41	18	25	19	27	32	35	9	13	10	36	13	34	7	28	7	12	14	33	17	24	22	33	28	43	11	14	27	28	24	28	16	21	46	12	33	16	28	
5	36	11	25	32	24	25	25	23	9	21	12	40	43	25	5	22	28	9	6	2	12	7	26	6	16	6	12	14	10	34	3	21	6	1	5	28	10	27	23	25	33	8	16	27	37	10	30	25	20	
M5
13	9	23	35	22	19	15	19	3	5	18	22	31	16	20	21	29	5	17	25	19	3	16	23	10	21	21	28	32	13	27	31	11	24	2	21	3	26	17	22	12	21	5	27	11	34	30	19	10	28	
13	27	1	6	26	1	2	17	21	19	25	28	1	4	5	5	31	23	25	18	31	8	28	8	24	31	18	3	32	9	22	18	22	20	20	3	17	3	18	18	28	10	17	12	24	12	31	30	28	1	
29	14	25	9	22	9	12	27	15	15	20	12	3	14	1	29	13	15	14	12	6	21	10	13	19	19	12	15	25	19	14	11	7	30	3	9	25	20	27	29	14	2	14	14	10	4	26	5	20	12	
19	11	22	14	5	34	2	15	1	26	21	5	22	13	18	1	7	28	8	24	31	23	28	29	28	7	18	5	7	26	22	15	20	20	26	7	22	17	18	22	32	31	11	27	2	14	27	32	25	25	
4	5	21	23	26	26	12	2	12	11	19	9	18	25	7	9	24	14	18	26	28	12	21	32	3	4	11	21	14	22	3	22	19	19	11	1	12	6	4	28	21	18	14	10	12	16	19	23	19	9	
27	9	27	13	25	31	1	16	35	37	2	22	21	31	15	24	9	26	24	23	30	22	21	22	28	5	17	7	42	9	21	8	21	19	15	32	18	11	4	21	36	31	28	22	26	31	32	16	35	7	
23	13	22	31	10	18	18	1	23	30	10	21	6	16	26	26	15	12	9	8	15	7	12	13	13	15	2	10	27	15	6	2	6	4	20	25	6	1	2	6	24	16	13	22	14	28	24	27	20	9	
34	6	34	40	30	26	27	31	33	17	30	30	29	17	29	24	32	30	13	16	24	23	24	27	35	21	27	33	37	29	32	32	27	36	16	23	29	34	23	31	27	26	3	15	24	12	27	30	15	34	
20	9	20	20	19	29	12	19	13	2	15	10	24	16	17	18	9	22	14	28	4	11	5	20	17	8	10	13	23	17	12	21	7	21	11	5	28	11	14	2	21	1	21	8	8	31	26	16	16	17	
12	20	12	26	11	34	4	13	20	19	7	32	24	28	9	10	27	22	6	25	26	3	5	31	26	16	20	26	42	17	24	20	24	13	19	11	20	19	6	24	26	34	22	22	28	31	21	8	26	27	
21	35	39	5	30	3	17	19	19	31	25	13	20	24	3	25	20	13	16	20	31	29	26	31	7	26	26	16	2	15	12	16	32	31	28	33	7	27	5	8	27	15	11	7	35	18	5	37	22	5	
23	15	20	12	20	34	19	19	5	15	1	20	22	4	23	25	24	20	19	11	14	8	16	9	21	16	16	23	14	19	9	6	4	7	21	23	24	27	27	19	20	11	21	23	18	13	7	18	5	23	
12	25	21	27	3	36	5	20	17	22	25	17	7	33	34	19	21	22	22	27	11	20	15	27	15	26	17	2	30	24	11	21	14	23	18	6	20	20	21	5	29	32	7	39	15	17	33	5	27	11	
16	2	19	24	27	26	31	34	24	26	22	37	33	21	34	32	36	19	26	30	36	19	37	16	20	12	42	18	38	33	32	28	30	9	23	21	24	11	24	21	13	36	26	35	9	16	25	38	31	34	
27	18	27	40	14	32	19	8	32	9	22	28	20	21	24	23	7	6	5	24	24	18	7	22	34	23	29	33	36	29	15	12	11	28	19	15	17	27	21	27	29	10	2	30	5	28	29	3	33	2	
35	29	38	23	30	7	31	17	1	30	21	30	19	8	33	35	33	14	29	35	24	4	28	31	33	30	30	16	40	5	14	26	18	16	22	30	10	10	30	29	10	14	29	34	18	31	19	11	15	23	
13	20	26	19	13	27	18	27	21	8	21	28	11	2	23	12	32	11	20	30	22	3	19	22	14	6	27	31	38	19	3	25	9	27	9	25	21	33	20	27	9	7	12	9	5	28	28	16	28	30	
12	3	25	8	2	3	18	7	9	22	13	23	21	3	26	25	10	21	22	28	17	16	21	9	20	26	22	26	27	14	8	29	16	8	8	16	12	22	18	26	23	19	22	22	4	19	6	17	8	26	
16	30	33	19	29	8	5	15	15	26	29	36	16	21	24	12	4	16	17	19	30	24	31	32	7	8	21	19	10	33	17	9	25	23	7	38	24	20	21	25	33	10	17	17	28	14	1	25	31	19	
7	21	35	30	20	18	21	10	15	17	3	20	2	28	7	29	24	16	3	25	14	13	18	27	22	29	20	23	10	3	22	5	17	25	14	14	2	15	11	34	5	16	17	3	18	22	9	20	5	24	
21	12	26	14	14	23	13	28	7	14	12	4	26	22	21	30	8	31	11	22	3	13	2	14	11	13	4	7	17	11	6	15	1	26	5	29	29	28	19	24	31	27	15	28	2	25	20	22	19	11	
24	11	29	17	17	8	16	16	10	17	8	7	29	25	24	5	11	34	14	25	1	16	5	17	14	6	7	10	20	9	9	1	4	25	8	32	23	31	22	16	26	25	9	31	5	28	23	25	22	14	
24	19	33	21	21	30	1	16	14	21	19	8	8	21	24	37	3	27	18	6	5	20	9	21	18	13	11	7	22	18	13	16	8	19	12	10	19	16	17	21	22	31	22	14	9	28	19	26	22	11	
24	24	13	27	30	32	20	3	13	29	13	6	23	1	34	1	26	16	7	28	27	22	23	27	20	10	13	18	9	26	16	24	14	28	22	29	32	30	28	28	10	30	22	23	6	10	8	13	26	20	
18	32	11	32	1	29	14	16	16	28	25	9	17	15	25	20	22	17	30	30	31	26	23	33	2	27	30	2	23	36	33	24	28	11	25	15	26	3	30	3	28	24	28	18	34	15	2	21	29	4	
26	29	31	24	25	13	4	5	28	32	18	29	24	34	12	31	18	30	27	20	23	15	12	31	2	33	20	17	30	24	14	17	24	22	30	17	5	7	20	11	15	12	14	16	27	26	26	34	25	27	
15	5	16	31	24	13	23	30	23	25	2	13	25	23	22	28	7	25	1	12	15	3	4	15	5	7	14	14	23	7	18	5	2	25	12	32	23	30	9	20	24	28	5	20	19	20	16	23	28	1	
19	13	7	27	10	29	19	21	21	29	15	3	13	22	23	3	23	9	5	28	27	9	20	27	21	23	10	2	10	23	20	21	18	25	13	29	27	13	25	36	34	25	17	23	22	15	7	8	19	2	
25	13	9	22	7	14	11	20	12	13	19	21	25	3	22	28	24	4	18	12	15	20	14	15	22	14	11	24	28	10	8	22	2	9	17	19	5	3	25	29	26	27	22	1	19	30	21	16	16	18	
15	26	9	28	28	37	9	15	21	23	16	18	7	24	35	24	15	7	25	31	12	23	4	8	25	15	18	21	31	25	17	2	15	26	19	1	23	24	1	13	32	9	25	29	3	25	28	33	18	25	
32	23	8	25	22	31	24	37	9	25	14	15	2	16	24	8	2	19	20	16	9	15	13	25	22	5	15	18	28	21	17	26	12	2	16	33	8	16	30	10	22	11	26	8	13	34	23	1	7	6	
4	18	25	31	24	28	17	26	12	7	20	4	20	23	16	23	35	14	19	7	28	6	10	22	7	29	30	2	28	11	21	23	20	19	11	18	12	32	19	31	21	5	14	21	20	21	26	21	19	22	
25	1	28	19	19	27	11	21	12	14	16	9	19	11	10	19	13	24	15	11	3	8	2	3	16	2	8	12	19	16	11	19	6	29	10	31	24	26	23	23	20	16	15	17	7	21	9	11	24	11	
34	16	31	11	25	33	29	21	31	25	8	24	5	14	2	19	34	30	11	35	27	31	2	3	8	26	27	30	25	34	34	20	14	8	22	24	31	27	8	33	22	17	22	20	24	28	21	31	43	34	
20	11	23	22	16	20	16	18	15	8	16	4	19	15	19	24	16	16	9	19	6	9	1	12	18	15	8	15	17	1	6	19	5	21	8	25	28	13	20	8	16	12	13	2	2	17	4	16	1	12	
22	29	22	10	21	17	14	20	24	4	17	21	32	1	19	18	22	21	16	26	15	13	14	2	14	11	21	24	26	20	23	27	18	23	18	21	25	29	16	34	18	13	32	32	19	9	17	18	6	3	
31	9	29	31	29	9	23	14	21	15	18	4	2	23	13	10	23	33	17	23	15	19	14	15	21	14	10	15	16	23	23	20	2	1	17	32	15	15	21	35	28	6	21	29	19	1	18	20	24	17	
30	21	16	23	23	32	22	7	14	23	12	13	35	7	21	1	17	8	20	31	7	22	11	8	4	22	13	1	26	20	15	19	10	7	14	13	11	29	28	7	1	1	24	37	11	33	28	3	28	20	
6	11	21	15	20	17	13	22	14	3	16	9	33	20	18	19	29	9	9	28	27	12	14	27	21	18	16	24	21	3	33	4	14	22	13	20	5	28	15	20	19	27	16	3	22	37	24	17	18	1	
30	17	8	18	31	19	29	30	32	19	5	33	25	36	34	1	11	38	5	36	27	28	7	28	40	7	33	29	35	23	14	10	15	30	21	20	3	29	31	33	3	15	40	26	11	34	34	13	39	36	
30	20	31	39	12	24	27	4	32	27	17	28	2	6	1	1	22	12	13	27	23	18	15	30	20	22	9	29	5	22	17	20	17	36	14	10	9	36	20	26	21	32	9	6	8	10	27	11	21	16	
23	19	9	15	10	27	12	26	23	30	16	20	18	12	23	13	21	8	15	5	14	7	18	22	1	2	8	23	26	19	11	2	9	7	21	11	18	26	23	2	21	12	19	15	15	30	17	19	21	15	
36	26	37	29	30	34	14	29	31	19	9	32	34	38	22	35	4	32	1	21	26	24	13	25	7	28	15	31	31	28	33	26	23	32	12	26	34	29	13	32	2	16	26	12	26	41	30	32	17	22	
24	17	29	28	28	26	12	13	17	28	15	18	27	15	10	17	20	29	14	19	12	3	16	1	18	11	7	21	25	20	20	18	15	11	6	3	14	27	22	13	10	30	4	15	16	15	20	18	33	14	
17	31	25	33	27	41	26	15	25	16	29	27	8	37	26	32	31	20	26	32	21	7	25	34	15	36	27	30	34	8	20	33	24	28	16	33	18	18	28	6	17	15	22	10	25	7	32	26	12	34	
1	15	10	15	27	8	21	23	9	11	20	24	37	10	18	27	25	11	19	30	25	9	1	17	4	25	12	13	38	12	33	4	17	27	8	7	9	9	23	7	8	16	11	33	17	19	28	25	16	19	
6	20	34	29	26	17	2	4	4	16	26	25	5	10	31	10	10	5	25	24	19	14	23	29	4	15	18	26	11	24	22	17	22	16	13	27	14	12	18	22	23	12	16	6	22	3	21	30	21	25	
19	2	31	8	19	21	18	30	12	19	17	9	31	17	24	9	13	29	16	27	3	18	7	19	16	18	9	12	22	16	11	20	6	9	10	16	27	9	16	2	19	4	8	5	7	30	25	27	24	12	
25	16	30	18	8	27	17	30	11	18	10	8	26	26	11	33	12	8	7	13	2	1	6	18	15	17	8	11	21	7	10	14	5	15	9	22	26	32	23	28	8	4	19	23	6	29	24	8	23	15	
8	12	20	22	13	22	12	18	15	2	11	3	9	22	6	18	16	17	10	21	6	11	9	14	14	12	3	15	19	16	14	14	1	4	13	11	16	15	14	28	25	18	1	20	8	1	4	16	14	10	
M6
34	8	32	29	23	3	23	24	11	23	26	27	5	28	2	5	25	13	26	10	14	14	22	32	20	24	34	1	18	19	17	20	4	23	6	23	11	18	27	17	24	23	5	13	8	3	19	5	37	20	
32	6	25	31	18	4	33	21	26	17	46	19	20	28	3	22	22	7	15	29	25	22	19	32	28	17	30	24	24	11	36	13	21	35	27	25	29	23	16	5	22	30	23	30	24	35	9	2	33	16	
8	4	33	28	22	3	22	23	21	22	34	26	19	2	11	19	29	15	22	24	28	12	13	24	19	25	6	15	27	19	25	19	18	17	20	30	10	16	10	1	25	9	11	22	12	10	12	10	37	19	
8	22	27	12	25	17	11	9	8	25	2	10	1	30	12	19	20	4	10	8	15	23	17	23	10	21	23	7	3	4	6	19	18	8	2	26	23	26	26	24	36	28	19	27	22	17	26	6	12	19	
34	18	25	5	26	13	1	1	33	14	26	26	23	23	19	27	30	23	24	20	16	22	30	37	24	17	20	6	27	24	24	19	31	8	13	9	10	21	22	4	37	2	22	29	38	19	18	1	12	19	
22	12	13	22	28	17	16	17	27	16	36	18	15	5	19	7	26	21	12	9	13	10	17	31	18	5	18	21	21	18	23	1	25	6	17	3	4	20	1	8	5	16	11	23	18	13	2	15	27	13	
12	19	14	26	16	18	33	35	25	30	38	20	15	17	15	23	1	30	17	24	6	8	28	30	23	14	21	1	7	4	18	23	22	10	12	11	22	18	18	16	3	20	20	18	26	7	7	2	6	11	
29	23	27	26	16	20	34	7	16	25	32	26	8	30	26	13	22	22	12	12	1	25	4	38	29	29	25	25	5	22	31	33	27	26	4	24	30	24	24	7	28	19	5	1	33	13	21	28	9	17	
11	6	9	26	28	13	24	23	23	5	33	18	11	12	6	22	22	10	8	22	1	6	23	30	2	1	14	17	17	1	31	5	21	2	23	8	20	16	6	4	21	8	7	27	22	20	19	12	23	9	
11	16	11	9	30	15	23	12	15	22	38	10	5	14	19	20	14	22	7	14	12	10	25	7	13	26	18	9	8	6	19	23	13	8	18	2	14	8	8	4	17	20	22	29	16	20	19	22	1	1	
1	13	24	23	3	10	17	18	3	4	16	20	12	23	9	12	4	20	4	16	1	21	3	13	17	16	29	8	22	6	14	14	6	4	11	23	5	21	9	19	27	17	12	20	1	10	13	12	24	14	
1	9	9	14	30	10	7	14	18	13	33	13	8	12	9	12	18	20	11	17	15	1	23	1	13	30	12	8	13	10	24	10	11	15	13	17	1	12	12	11	14	13	12	20	15	10	9	12	33	5	
11	7	2	28	4	6	22	23	7	22	33	19	21	5	14	22	21	18	18	11	19	15	16	27	21	11	9	12	27	20	21	19	21	8	7	27	10	19	13	4	12	12	2	21	15	13	1	13	29	19	
26	21	24	22	28	28	15	34	3	6	35	15	26	2	12	12	21	25	12	22	16	19	2	28	17	16	6	1	32	16	23	6	4	17	7	23	28	31	2	19	3	7	22	23	17	28	22	4	31	24	
12	25	22	3	5	21	23	6	12	13	43	13	8	17	3	8	14	14	5	14	14	14	10	25	16	14	4	12	12	5	28	3	12	16	9	16	17	11	5	4	34	23	12	31	26	13	22	5	21	4	
7	12	27	22	14	10	16	17	19	16	22	20	17	4	14	2	25	2	5	23	4	15	26	33	18	32	30	3	21	4	30	13	4	14	17	9	4	20	1	21	26	11	15	14	21	13	12	18	27	13	
5	12	7	24	2	11	30	28	22	26	33	30	16	10	10	13	24	16	18	21	21	18	21	28	27	13	14	12	28	22	24	27	15	25	5	12	18	21	14	9	19	6	16	24	11	14	20	6	6	27	
19	13	10	12	17	14	20	2	7	5	24	13	12	13	20	1	19	12	10	14	1	8	24	10	18	3	16	16	5	1	15	21	20	17	25	20	21	15	8	1	20	20	9	27	2	13	19	5	24	8	
5	9	4	17	24	8	5	26	20	27	22	4	16	7	1	13	23	20	8	21	12	17	3	9	24	30	11	12	8	20	5	24	15	22	17	33	15	21	15	4	14	14	5	24	9	6	5	15	11	21	
30	25	25	12	30	20	41	29	7	10	17	33	20	16	25	17	15	29	26	27	20	13	19	28	16	19	32	36	29	20	4	11	40	21	3	15	33	35	24	22	32	27	25	36	25	36	14	11	2	28	
9	12	7	6	28	11	21	30	26	5	13	15	4	10	17	20	20	9	17	25	17	20	8	28	18	33	9	16	23	17	11	27	7	20	19	15	18	7	18	9	8	2	19	8	13	18	18	18	4	15	
11	7	2	17	19	6	12	21	11	13	26	20	7	5	10	2	3	17	8	19	9	6	9	6	13	1	9	16	9	15	17	3	21	12	4	23	13	1	6	4	19	12	7	1	4	13	12	2	23	11	
36	27	27	2	4	31	9	28	14	9	11	31	26	30	22	35	24	3	26	28	21	24	23	43	28	19	15	30	30	27	37	14	25	28	5	34	19	22	19	21	9	31	10	33	24	8	27	33	15	22	
28	23	26	2	13	30	10	32	5	22	14	33	23	15	23	38	34	27	25	24	18	14	18	9	19	18	31	14	34	7	27	22	30	19	18	25	26	18	16	21	38	4	3	7	33	35	13	29	40	26	
21	16	26	24	35	24	5	3	8	25	21	21	13	29	7	32	34	27	2	21	14	22	25	22	22	21	9	23	17	18	27	6	10	17	33	27	34	8	26	1	1	28	8	14	24	28	19	22	14	29	
15	11	6	31	29	10	21	20	28	27	38	29	8	9	18	26	36	14	5	31	6	3	20	31	26	19	11	22	14	15	30	26	25	24	27	35	17	15	3	1	18	16	4	29	19	17	19	17	20	26	
10	6	1	15	21	5	16	17	23	16	25	16	17	4	13	21	23	17	19	5	3	14	15	23	18	18	8	17	21	17	19	11	20	18	17	25	4	7	12	3	20	11	13	7	6	12	12	12	12	13	
30	14	28	11	11	22	6	17	7	18	5	22	6	28	21	7	28	6	18	28	20	25	37	18	20	20	9	23	23	20	35	15	26	11	12	27	6	22	4	23	28	7	21	25	41	15	14	5	26	15	
25	24	25	17	5	29	12	29	8	25	21	12	7	16	4	35	16	21	2	5	14	11	25	18	15	21	3	9	11	8	27	25	15	11	20	15	16	10	10	22	31	22	27	31	20	25	21	21	11	3	
12	6	3	25	14	7	19	14	16	19	35	23	20	6	13	20	7	17	22	28	27	16	5	11	19	20	10	19	24	3	26	16	3	21	6	28	7	20	14	5	23	9	15	6	13	12	15	12	38	16	
36	15	36	25	4	11	19	9	15	19	25	23	11	19	22	18	29	20	17	26	27	30	16	7	21	28	21	21	4	21	32	16	28	1	20	19	7	14	23	24	23	4	9	10	28	16	15	21	28	16	
10	11	9	27	27	13	21	22	9	3	20	7	11	12	18	19	24	6	8	26	9	6	23	19	4	1	14	17	13	18	1	18	20	10	22	2	9	15	6	4	21	17	5	24	16	2	17	17	11	18	
13	9	4	17	20	8	20	26	26	25	35	1	15	7	16	24	10	8	24	29	19	6	18	14	24	18	11	5	10	10	15	22	1	22	4	10	13	21	15	6	17	14	16	27	17	3	17	9	27	18	
7	8	22	9	30	16	36	10	18	14	33	23	2	9	15	13	15	19	19	19	1	16	14	22	32	14	27	9	30	23	17	11	6	32	8	6	24	24	19	17	12	12	9	9	21	16	21	14	24	24	
27	22	20	26	28	12	3	31	19	30	3	14	6	18	23	38	13	26	11	18	10	17	2	26	17	12	24	13	13	10	22	13	17	32	22	17	18	12	7	15	32	24	18	25	21	23	23	27	12	5	
34	29	35	26	28	4	1	27	26	32	46	21	16	25	36	4	9	10	18	25	23	26	38	28	24	27	38	2	20	17	6	34	24	29	29	13	25	14	19	2	41	6	32	32	37	17	19	23	29	12	
24	3	32	13	25	11	7	8	18	7	27	11	8	17	10	29	17	14	10	17	15	18	26	24	9	24	32	12	12	9	24	4	16	9	8	16	3	11	11	12	29	7	10	14	31	4	3	9	34	4	
16	26	29	6	17	14	5	26	23	8	45	25	8	29	24	19	19	24	16	29	15	30	20	23	6	36	22	5	10	21	30	27	26	32	15	26	18	22	23	2	40	30	27	33	30	25	1	5	16	16	
31	27	22	34	12	26	4	18	11	15	2	20	11	6	21	25	9	29	13	11	9	19	28	33	17	14	27	27	30	12	14	20	17	16	21	11	23	31	19	17	2	30	20	23	1	12	18	18	12	32	
16	17	20	15	1	24	17	17	23	20	13	18	13	22	6	27	14	28	15	22	17	18	32	30	18	22	27	17	8	14	25	7	21	10	7	21	9	2	14	14	4	21	20	17	21	18	7	17	28	9	
7	9	9	5	30	5	19	5	20	19	29	23	2	8	3	18	29	20	7	2	15	12	23	31	21	7	7	9	21	11	4	2	17	11	10	27	7	6	12	10	3	19	13	15	21	16	15	15	12	16	
30	29	31	25	27	21	15	23	22	2	1	17	12	21	28	2	9	17	14	21	19	22	1	3	20	35	36	16	16	13	32	1	20	15	16	9	21	14	7	26	14	27	33	29	22	18	25	1	38	8	
2	11	12	23	31	11	17	18	19	14	34	15	13	15	10	13	27	21	13	17	14	11	13	18	9	6	3	6	22	19	8	14	12	5	14	20	5	21	11	3	11	17	12	21	16	11	13	13	28	14	
18	18	13	31	12	6	24	18	32	8	1	5	25	16	25	22	11	29	14	15	32	17	23	18	30	39	20	25	7	8	32	10	28	31	30	14	18	29	24	15	27	23	17	1	19	13	12	6	35	22	
23	21	18	31	6	22	22	8	36	25	13	10	26	13	19	15	8	19	14	6	20	23	27	23	7	36	25	30	30	2	4	10	25	6	23	18	13	28	29	20	36	25	28	28	14	2	8	27	24	22	
19	22	20	25	12	23	24	20	4	20	1	6	2	23	22	16	20	21	22	13	17	15	34	17	3	15	27	20	18	9	5	21	29	8	31	20	19	9	16	9	32	5	21	13	3	14	20	24	7	23	
2	16	11	25	31	11	15	23	10	15	13	26	13	8	10	10	32	21	20	18	22	22	25	19	17	18	18	8	26	20	13	19	12	24	9	17	10	13	7	13	27	21	8	21	16	11	18	13	30	19	
18	26	26	31	16	27	24	18	20	18	30	5	25	29	3	29	35	37	19	22	19	18	40	12	15	33	29	25	17	27	41	27	14	12	1	21	18	20	26	6	14	5	9	4	32	27	26	29	41	22	
26	23	26	8	11	6	22	30	5	22	17	13	8	15	23	5	17	21	4	17	15	18	18	25	16	18	8	12	12	9	5	12	16	15	7	12	17	7	11	19	6	5	18	9	13	6	6	22	33	4	
19	18	25	20	27	26	19	23	11	22	40	6	1	10	24	30	10	18	3	10	8	11	26	18	9	24	25	5	5	2	28	19	9	24	14	9	10	4	4	16	32	16	25	25	32	19	15	19	30	12	
M7
26	11	9	25	8	17	29	7	24	6	9	16	10	30	19	19	19	7	9	25	27	7	11	16	24	24	34	24	2	20	29	19	13	5	17	19	11	37	18	27	12	5	26	19	11	28	31	26	6	20	
8	13	12	26	23	19	3	10	29	8	32	18	13	29	5	22	24	10	12	5	13	32	24	19	27	26	28	7	24	15	27	21	16	24	20	2	12	26	19	16	17	26	28	13	14	31	6	2	21	5	
5	31	5	22	7	14	20	4	33	3	22	13	7	18	16	16	18	11	6	16	27	8	18	13	8	3	18	16	19	17	31	16	10	6	14	13	17	22	22	24	11	3	19	2	8	8	37	27	27	25	
25	28	7	22	13	4	6	5	34	13	30	14	8	7	17	17	19	12	7	33	33	27	20	14	6	16	10	18	20	18	7	24	11	23	15	26	19	11	15	23	12	10	33	4	9	26	11	9	26	32	
18	7	6	14	23	13	17	4	29	9	29	10	7	22	15	5	18	7	3	26	9	20	12	13	24	7	22	13	12	12	15	4	10	22	14	2	18	26	7	15	11	17	14	6	8	25	35	19	11	22	
22	10	15	1	32	10	12	20	9	12	20	24	12	28	20	28	28	27	14	23	47	17	4	9	29	15	24	10	9	17	3	2	26	16	11	12	34	25	4	33	18	33	32	13	13	15	19	15	4	17	
9	18	18	24	6	14	12	16	17	3	24	25	13	14	21	22	23	23	14	28	16	9	22	25	37	15	22	28	19	29	23	13	7	16	14	5	4	22	17	24	23	32	20	16	20	29	12	35	27	2	
21	34	1	25	23	30	21	3	28	19	24	8	2	33	11	11	13	6	1	32	27	21	30	8	20	19	34	31	19	12	43	21	5	17	9	29	13	29	25	21	6	15	33	18	3	20	46	22	25	28	
25	11	9	29	3	11	12	28	26	3	6	12	13	16	21	12	33	25	14	27	24	13	9	37	1	21	29	28	21	19	26	4	34	30	25	16	27	23	22	22	14	1	23	16	8	8	10	3	3	2	
29	29	24	18	37	3	23	33	31	31	20	23	2	17	37	32	39	35	3	17	28	24	16	33	27	10	21	17	10	20	29	5	29	23	16	5	31	25	11	13	36	29	12	5	37	29	40	26	16	14	
35	11	19	21	22	24	37	17	10	13	11	25	11	31	6	27	12	18	19	11	8	21	21	11	31	28	1	14	5	12	14	25	1	19	27	19	19	34	24	14	24	17	2	21	11	19	20	34	9	35	
19	23	17	1	25	14	19	30	19	3	22	31	13	17	33	28	23	16	14	28	34	19	17	37	20	21	17	15	21	27	30	16	27	2	23	16	28	20	22	15	26	25	23	1	11	26	10	4	27	25	
6	19	32	8	16	7	7	30	12	41	33	24	9	31	30	25	33	13	11	18	26	8	6	27	30	12	21	29	6	5	19	17	32	6	18	26	44	27	1	30	16	18	34	15	30	19	40	34	21	34	
21	20	16	29	20	15	29	14	24	4	27	9	8	29	11	26	22	2	15	15	25	6	8	23	19	5	2	15	19	10	15	10	20	20	24	1	16	37	23	6	21	21	16	17	18	7	21	23	13	5	
5	12	7	19	29	1	27	5	8	6	29	14	8	29	17	17	13	12	7	24	18	15	17	14	13	6	2	15	17	18	15	8	11	20	13	13	11	4	12	15	12	21	7	19	9	6	12	28	5	20	
10	39	12	36	15	29	9	31	32	27	24	21	19	19	7	14	24	10	26	42	49	15	31	28	27	30	36	17	27	4	47	10	36	26	23	16	35	34	30	7	33	30	26	29	14	35	41	11	29	14	
21	12	3	27	2	24	20	1	8	13	16	5	4	25	13	8	4	8	3	34	6	23	25	10	5	21	21	23	17	14	30	6	7	7	3	22	13	26	22	18	6	17	17	9	5	1	32	19	7	25	
3	13	10	24	18	34	11	29	6	28	9	38	27	20	30	22	35	19	31	30	42	25	33	38	1	23	31	37	1	29	26	4	26	2	20	15	29	32	36	32	27	4	36	23	31	27	28	5	3	30	
15	13	8	28	30	18	28	6	8	25	31	15	9	18	18	17	13	13	8	39	14	20	11	15	2	3	30	28	26	19	36	28	9	24	16	36	20	10	27	15	4	20	23	14	8	16	22	17	14	12	
3	29	6	12	10	32	5	4	4	21	29	1	7	20	1	16	18	11	4	14	32	9	9	13	16	24	11	18	23	10	2	8	10	18	14	14	18	24	30	24	1	1	38	4	8	13	15	27	27	32	
12	25	9	14	2	13	14	28	32	27	12	2	1	18	5	4	18	17	17	26	9	4	12	16	8	5	18	2	12	1	18	17	6	30	24	23	8	22	7	14	7	20	2	2	21	25	37	18	25	21	
14	34	13	29	10	14	13	32	25	3	23	25	12	23	11	1	7	14	3	19	34	7	3	9	8	18	32	21	1	8	21	14	30	9	19	16	31	35	22	11	7	23	19	16	12	36	11	7	23	18	
15	25	9	29	31	9	29	7	36	8	7	16	8	25	19	19	6	14	9	5	32	29	27	16	28	26	9	13	25	1	22	10	13	16	17	5	21	15	22	22	2	23	4	21	11	6	28	30	25	7	
23	27	25	38	18	5	22	25	40	32	31	26	8	22	20	10	12	23	27	23	9	28	11	34	31	16	9	18	22	17	22	23	29	27	35	12	26	30	31	8	31	4	26	26	5	23	16	24	17	27	
20	27	17	33	35	1	26	36	23	7	26	26	10	32	29	39	11	1	18	8	21	7	17	41	18	18	36	20	10	35	1	20	20	19	12	7	19	24	26	11	41	18	27	20	31	40	24	22	20	4	
19	33	22	10	27	23	21	20	29	22	3	17	3	14	19	9	7	22	22	36	31	27	4	29	39	7	15	28	7	16	6	18	26	33	9	28	4	14	17	19	27	34	21	28	13	33	8	23	15	26	
25	7	7	19	16	18	27	5	28	12	16	14	8	25	17	17	19	6	7	15	12	15	17	14	23	23	20	2	17	18	2	25	9	7	15	22	19	29	12	2	12	8	29	9	9	7	8	27	5	32	
12	19	8	38	2	23	18	27	13	12	24	30	22	8	16	6	6	19	23	37	39	5	7	36	23	26	41	23	1	13	28	10	33	9	8	25	40	29	31	16	29	10	29	25	15	11	13	20	35	23	
18	26	33	15	7	14	31	37	33	31	31	27	16	33	6	19	14	14	4	20	35	21	11	29	31	19	21	16	13	24	8	11	39	32	7	14	2	42	8	6	3	25	15	22	10	26	14	30	26	36	
4	13	22	24	44	3	21	35	10	30	38	3	11	17	30	27	24	35	18	4	39	18	19	2	15	40	19	17	25	26	32	34	5	14	14	22	21	13	42	5	34	11	16	3	34	24	25	41	35	31	
33	31	23	9	18	6	22	31	30	38	34	24	23	20	21	26	7	35	27	33	7	21	20	18	23	4	18	15	24	23	31	35	24	36	25	10	20	24	19	31	16	28	24	4	20	11	17	25	34	20	
5	22	24	11	19	7	31	26	27	22	29	19	12	7	16	20	8	5	3	23	2	17	3	33	22	1	24	4	6	1	22	11	23	23	21	29	25	37	4	30	19	25	19	18	17	22	36	21	20	26	
20	33	8	29	19	18	22	14	43	16	3	16	17	39	25	24	28	21	16	16	32	16	16	19	26	26	16	15	12	20	29	7	20	29	24	29	28	44	22	25	21	26	20	25	18	27	35	10	27	38	
7	2	3	24	25	24	31	9	24	21	18	18	12	25	8	20	23	7	11	33	31	18	28	18	23	1	29	34	24	22	24	27	15	1	19	31	23	26	23	30	13	21	32	20	13	25	26	28	1	28	
4	21	22	26	11	14	26	32	2	8	8	14	3	3	1	22	31	19	6	10	26	23	29	24	30	11	34	33	26	4	37	21	35	11	32	21	6	3	27	29	22	39	26	21	36	32	32	23	32	30	
21	7	1	4	23	20	28	6	25	19	3	8	9	26	7	18	13	13	8	32	34	24	15	15	24	14	32	32	26	12	3	28	12	22	16	26	19	22	32	2	13	19	1	18	4	5	2	29	4	13	
15	10	23	42	10	1	31	28	8	35	34	37	31	10	32	22	21	29	30	38	35	17	35	24	39	16	12	25	11	29	2	7	31	19	15	13	31	15	35	23	29	31	32	32	28	30	19	7	20	30	
21	32	1	21	23	20	21	11	5	19	12	8	14	28	19	9	25	18	9	29	23	24	8	3	24	19	34	29	19	16	32	3	14	8	20	28	10	25	14	19	18	19	30	18	15	11	47	23	22	14	
15	15	30	4	39	3	29	33	22	37	29	41	5	27	26	21	33	34	7	16	40	10	2	42	37	8	17	25	2	13	15	13	28	35	14	22	44	31	37	30	29	35	41	11	37	15	36	32	17	35	
12	25	25	5	22	13	26	23	27	36	37	17	15	37	26	30	7	19	17	16	36	20	12	32	10	18	13	26	12	23	25	6	15	31	16	7	9	39	7	8	23	5	6	21	3	25	32	1	16	27	
29	19	11	29	29	1	24	9	18	29	34	18	1	19	4	21	4	10	11	28	12	31	27	11	10	8	25	29	27	22	31	30	15	27	19	12	11	30	22	4	8	25	13	28	5	30	18	31	29	12	
36	20	16	22	20	34	25	35	2	34	35	19	36	11	8	34	40	40	13	6	43	39	23	24	33	7	23	2	29	38	36	7	19	24	29	41	18	27	28	10	33	8	33	7	37	1	12	11	19	35	
31	24	24	4	3	15	37	22	19	12	30	31	6	37	34	34	34	12	23	12	29	28	23	31	29	8	6	19	29	35	19	3	26	24	15	23	10	42	29	19	29	25	6	25	23	6	25	33	22	5	
25	16	6	33	28	29	5	19	30	24	22	17	22	3	19	14	33	20	10	16	26	29	3	23	13	24	3	1	9	21	16	27	13	21	9	26	30	7	26	16	18	11	32	1	23	21	22	28	19	15	
3	16	8	15	6	14	28	6	35	21	16	15	9	37	18	18	5	13	8	24	4	23	31	15	27	24	24	21	26	19	24	3	12	24	16	4	17	36	26	28	1	10	21	21	10	18	43	29	32	35	
19	19	5	8	27	2	20	3	26	17	28	12	6	30	15	15	17	10	5	20	17	5	6	12	6	12	21	3	6	16	19	6	9	5	13	19	12	33	1	12	10	19	34	15	7	19	9	9	21	16	
26	24	24	11	11	22	17	22	10	11	33	31	21	36	2	34	15	23	22	21	24	5	29	31	17	16	6	19	29	35	4	5	26	24	32	24	20	44	24	19	14	13	31	24	17	24	25	34	22	33	
14	23	24	21	4	20	13	22	39	20	27	26	16	33	34	34	13	26	24	18	32	27	19	28	15	15	9	22	19	13	22	23	24	27	7	19	7	32	14	22	5	28	14	17	26	27	28	40	25	42	
36	28	28	25	37	24	38	26	5	21	37	26	26	6	9	26	20	27	16	14	33	4	14	35	7	8	10	23	23	33	5	22	24	28	13	34	30	34	18	23	6	15	17	30	30	6	7	40	26	9	
29	29	23	18	16	17	5	33	19	29	34	30	7	12	24	31	44	40	8	16	31	24	14	1	29	22	28	26	9	14	29	25	8	30	9	36	32	4	11	16	23	36	41	12	30	29	1	14	31	12	
