50	8	1
8
	0	76	1	60	2	23	3	56	4	79	5	64	6	93	7	26
	0	58	1	83	2	89	3	99	4	80	5	23	6	77	7	37
	0	89	1	58	2	15	3	21	4	69	5	40	6	30	7	25
	0	36	1	27	2	22	3	5	4	50	5	50	6	89	7	24
	0	53	1	85	2	79	3	96	4	35	5	67	6	66	7	56
	0	24	1	25	2	50	3	55	4	95	5	33	6	89	7	81
	0	16	1	96	2	43	3	5	4	7	5	62	6	58	7	49
	0	30	1	47	2	63	3	85	4	6	5	99	6	95	7	50
	0	49	1	77	2	57	3	96	4	36	5	63	6	89	7	60
	0	90	1	89	2	71	3	56	4	99	5	100	6	52	7	98
	0	51	1	35	2	96	3	44	4	2	5	34	6	64	7	69
	0	64	1	71	2	15	3	55	4	14	5	14	6	28	7	18
	0	43	1	3	2	59	3	47	4	9	5	65	6	15	7	80
	0	36	1	40	2	55	3	93	4	19	5	41	6	18	7	27
	0	72	1	40	2	74	3	29	4	85	5	71	6	100	7	24
	0	16	1	65	2	81	3	7	4	4	5	10	6	42	7	69
	0	12	1	28	2	90	3	40	4	83	5	91	6	98	7	55
	0	39	1	44	2	6	3	57	4	85	5	72	6	42	7	11
	0	58	1	77	2	82	3	52	4	82	5	89	6	18	7	55
	0	64	1	95	2	66	3	30	4	3	5	3	6	89	7	44
	0	34	1	18	2	51	3	64	4	86	5	54	6	90	7	27
	0	77	1	66	2	25	3	38	4	25	5	7	6	76	7	88
	0	86	1	11	2	22	3	1	4	23	5	2	6	72	7	2
	0	87	1	27	2	71	3	16	4	40	5	9	6	23	7	84
	0	88	1	38	2	46	3	11	4	46	5	72	6	45	7	36
	0	29	1	73	2	17	3	27	4	66	5	63	6	74	7	100
	0	35	1	8	2	98	3	68	4	34	5	28	6	16	7	8
	0	63	1	25	2	100	3	55	4	42	5	44	6	98	7	29
	0	51	1	54	2	79	3	72	4	90	5	60	6	16	7	23
	0	73	1	29	2	84	3	14	4	36	5	55	6	88	7	88
	0	83	1	35	2	13	3	44	4	44	5	82	6	2	7	11
	0	69	1	56	2	57	3	38	4	38	5	22	6	65	7	19
	0	2	1	32	2	52	3	36	4	48	5	33	6	55	7	28
	0	86	1	1	2	30	3	90	4	64	5	98	6	72	7	91
	0	7	1	55	2	70	3	20	4	82	5	78	6	83	7	53
	0	84	1	86	2	43	3	56	4	56	5	60	6	78	7	96
	0	20	1	37	2	68	3	95	4	48	5	7	6	17	7	92
	0	48	1	54	2	58	3	46	4	78	5	10	6	78	7	52
	0	87	1	36	2	72	3	85	4	75	5	34	6	13	7	75
	0	87	1	79	2	63	3	98	4	23	5	73	6	91	7	100
	0	81	1	34	2	31	3	39	4	16	5	98	6	53	7	56
	0	35	1	54	2	70	3	73	4	6	5	4	6	61	7	9
	0	99	1	42	2	21	3	30	4	51	5	64	6	45	7	16
	0	54	1	1	2	19	3	56	4	69	5	78	6	56	7	72
	0	64	1	90	2	44	3	59	4	83	5	21	6	18	7	60
	0	27	1	66	2	71	3	60	4	76	5	97	6	72	7	5
	0	23	1	39	2	23	3	47	4	40	5	84	6	31	7	18
	0	65	1	19	2	15	3	21	4	20	5	88	6	27	7	51
	0	48	1	70	2	9	3	45	4	75	5	92	6	64	7	45
	0	2	1	56	2	63	3	99	4	17	5	4	6	66	7	79
SSD
M0
18	17	15	13	29	5	13	11	35	21	26	12	3	10	28	14	5	20	15	18	10	13	22	17	18	34	24	20	27	20	34	31	9	34	34	28	31	28	35	22	14	2	19	15	27	18	26	44	15	25	
6	29	24	20	7	10	5	16	16	39	10	12	6	12	22	17	25	15	25	20	25	38	19	33	32	28	35	8	3	23	28	6	27	5	28	24	11	25	27	25	8	16	20	28	35	34	36	26	2	19	
12	16	26	22	2	26	28	26	26	4	15	22	24	18	14	25	12	18	13	3	30	4	2	23	21	18	12	27	23	35	4	34	20	36	15	29	1	16	36	4	28	21	13	15	3	14	19	22	3	6	
26	3	19	36	33	20	26	1	13	24	26	7	19	8	28	18	26	32	7	22	23	7	18	21	22	32	16	15	30	16	21	46	13	14	25	4	1	35	5	11	14	23	34	22	15	22	23	29	16	20	
8	10	28	29	9	27	21	26	3	8	5	11	1	20	14	9	35	40	10	14	14	33	41	4	38	38	27	8	20	30	35	44	29	31	38	18	16	40	35	30	3	25	6	1	6	28	19	6	17	29	
16	11	9	25	23	33	16	13	29	15	30	6	9	23	29	8	27	17	3	12	13	15	4	1	23	28	1	31	4	24	30	2	3	12	30	42	35	36	34	27	22	13	25	30	23	3	20	34	18	21	
32	28	16	19	40	15	29	30	45	32	42	23	26	40	40	25	35	48	4	29	30	32	8	22	11	8	39	28	41	32	37	30	20	49	35	44	17	4	6	44	14	30	19	18	40	29	37	25	20	38	
6	20	13	5	36	30	22	18	17	26	4	20	23	22	18	4	16	18	8	26	21	13	11	25	2	22	26	3	5	38	9	39	17	40	3	32	14	14	21	14	7	20	24	19	28	26	26	12	15	10	
7	11	9	23	4	33	16	13	4	15	30	6	9	3	15	8	27	15	28	12	13	15	19	11	6	5	30	15	22	24	28	40	3	33	14	39	7	25	3	25	18	13	27	6	4	12	20	6	28	21	
11	15	25	8	15	20	23	15	13	31	31	22	25	17	13	24	11	17	25	12	24	24	11	27	1	17	26	25	23	19	14	27	19	19	14	1	9	18	35	11	29	20	19	14	23	28	34	34	25	5	
26	21	10	27	19	24	26	23	32	5	36	16	19	21	10	14	34	22	31	22	23	25	13	21	33	38	33	15	12	1	19	36	13	31	37	15	32	3	46	32	2	23	3	10	20	2	30	11	40	28	
11	12	12	11	34	32	34	31	11	3	31	18	27	35	37	26	35	9	40	10	31	17	9	28	28	27	11	2	24	5	17	28	21	41	37	9	6	33	41	35	46	30	4	21	27	19	8	8	29	29	
32	30	37	35	18	17	5	19	38	4	16	39	30	29	40	20	41	10	25	43	32	10	16	18	2	29	16	41	14	13	43	43	40	44	25	36	38	4	2	8	35	39	16	12	45	39	45	46	25	35	
2	9	22	32	36	36	20	14	15	42	28	6	8	28	21	35	22	15	36	12	40	12	11	35	26	17	25	17	12	5	25	4	30	24	23	40	13	6	42	20	24	31	15	25	34	2	38	42	32	16	
1	14	16	2	30	16	23	20	25	19	16	9	16	13	12	15	2	16	16	19	20	22	16	1	30	16	25	17	12	31	8	33	10	24	13	27	20	19	33	5	28	4	18	13	17	8	6	33	20	4	
16	12	10	15	24	34	11	14	5	16	6	7	10	17	30	9	28	21	29	13	14	16	20	12	24	29	9	20	6	23	31	28	4	23	31	20	33	31	33	13	28	14	18	31	9	8	10	14	34	22	
14	18	28	16	29	2	26	8	29	33	17	25	28	10	16	27	14	20	2	31	15	13	20	16	36	20	27	3	26	40	17	28	22	23	17	13	24	23	38	5	32	23	22	17	11	6	36	28	28	8	
20	15	23	30	35	28	1	24	5	39	13	31	33	5	22	21	20	14	12	23	38	1	14	36	26	3	32	24	32	30	6	6	28	34	23	25	30	21	1	20	11	29	26	20	14	37	41	16	9	14	
14	9	7	16	21	4	14	11	15	13	6	4	7	18	23	2	21	4	24	2	11	13	8	9	21	24	7	29	15	22	6	10	1	31	5	21	8	16	34	16	20	7	25	24	5	10	18	12	31	15	
17	3	10	3	24	27	17	14	30	10	31	7	10	24	30	9	22	34	9	7	14	16	19	12	24	26	26	15	4	10	15	42	4	23	31	31	31	22	28	28	33	14	15	12	23	13	6	38	17	22	
29	13	22	42	19	21	24	22	30	14	8	19	22	19	4	21	28	38	10	25	26	26	19	9	26	24	45	19	26	17	17	26	16	49	16	2	35	16	4	27	10	9	39	1	7	25	21	8	38	26	
24	19	16	9	23	30	22	21	37	23	38	7	17	31	36	16	16	2	30	20	21	9	27	19	1	34	7	25	32	11	17	31	11	36	38	4	21	42	40	15	31	21	35	14	31	1	22	44	40	29	
27	20	6	34	6	14	36	26	12	20	14	16	5	13	34	9	6	29	20	3	20	9	38	14	17	38	4	20	22	20	35	14	29	41	32	6	19	39	17	4	36	20	40	35	29	14	13	35	7	26	
6	32	2	12	43	42	12	17	33	22	34	6	20	17	6	12	31	27	28	41	26	30	36	33	39	11	12	18	33	14	12	3	32	2	23	9	27	28	34	27	2	25	12	34	28	36	19	29	20	25	
16	3	18	12	37	18	37	29	9	9	29	27	30	17	18	29	16	22	23	18	22	14	22	1	25	22	16	28	14	4	19	19	24	6	4	39	15	15	25	5	19	17	21	9	28	33	5	39	30	10	
5	5	8	5	3	19	15	12	28	7	15	5	8	22	18	7	24	22	7	11	7	14	18	10	21	16	2	37	25	9	17	30	2	35	29	37	36	2	8	23	41	12	25	10	22	11	19	17	32	20	
35	23	18	11	38	22	30	8	20	11	26	25	28	24	38	4	23	41	20	16	32	10	31	13	29	6	20	32	21	42	39	46	22	19	36	40	33	34	1	27	13	19	34	23	29	25	22	7	21	30	
20	24	22	5	8	43	29	26	5	15	23	19	22	34	24	21	29	35	34	25	26	22	32	20	26	15	27	15	25	36	32	6	16	28	15	41	24	25	25	22	10	26	34	32	29	25	7	45	43	23	
15	30	32	35	34	22	27	32	22	27	20	36	4	28	28	15	24	2	29	43	32	9	13	39	22	32	19	34	36	31	29	9	34	41	29	14	30	33	15	17	19	35	29	23	18	6	2	17	2	20	
26	6	14	9	37	30	30	27	7	29	25	20	2	19	42	9	27	3	26	11	15	18	8	1	8	16	34	42	31	5	36	27	17	47	44	28	20	26	10	16	43	5	37	1	34	25	27	39	27	35	
10	12	5	13	24	23	17	14	9	4	31	7	10	7	2	9	9	23	23	1	14	16	20	12	24	22	13	24	21	2	20	40	4	44	11	22	17	6	37	17	15	14	17	14	24	13	21	12	13	11	
19	23	17	29	24	9	40	1	17	3	34	2	33	24	21	20	10	17	15	21	21	13	25	13	24	22	28	15	13	24	21	35	27	19	3	23	21	14	9	14	18	16	27	22	7	16	27	41	27	13	
11	6	4	32	18	28	11	8	24	10	25	1	4	18	24	3	22	28	23	7	8	10	14	6	18	23	28	35	25	19	25	39	23	41	25	39	32	31	31	22	40	8	22	25	18	7	15	33	28	16	
16	11	1	6	6	31	16	11	15	15	10	6	9	10	2	8	17	23	19	12	13	11	19	11	5	20	30	14	10	22	19	40	3	14	1	39	27	12	36	12	15	13	15	20	12	12	20	2	31	11	
9	13	7	19	26	23	30	18	7	29	31	20	23	14	11	22	9	15	12	26	11	3	15	17	14	12	22	17	3	37	11	32	17	33	12	34	19	4	33	4	8	10	17	12	21	26	26	32	23	3	
22	26	19	23	39	36	22	31	20	36	24	12	30	8	24	29	22	12	25	33	24	16	1	15	23	25	35	28	16	13	24	45	24	9	6	19	32	17	3	12	21	23	27	25	34	33	16	25	36	16	
27	5	25	37	37	18	25	30	8	43	5	1	17	11	24	33	10	25	17	10	20	21	21	2	2	30	40	25	9	14	29	28	35	15	11	35	14	22	21	19	26	23	32	1	19	3	5	26	21	21	
30	5	35	21	39	21	36	5	27	5	31	9	5	19	18	9	37	8	13	3	36	5	36	1	1	7	15	28	31	8	28	43	29	44	21	24	34	28	20	32	26	18	15	18	2	9	6	19	36	31	
9	23	21	13	22	9	28	14	16	27	18	18	20	26	19	20	22	3	6	24	25	17	28	23	7	28	34	18	34	28	25	9	15	25	25	15	32	30	28	19	38	16	3	19	34	24	32	17	36	16	
21	16	14	27	28	35	21	8	15	17	30	11	14	28	27	13	21	30	28	17	2	17	24	16	25	28	15	33	19	29	27	20	8	28	9	38	5	20	36	5	24	18	4	25	17	11	17	43	32	19	
21	25	35	3	2	35	11	29	36	41	39	26	32	23	23	34	21	18	31	23	4	33	27	15	38	27	31	36	33	10	24	32	29	6	23	22	20	4	33	10	18	30	2	24	33	33	18	39	35	15	
16	22	20	37	33	5	27	13	17	25	31	17	20	10	27	10	25	19	16	4	24	2	21	22	11	30	17	10	12	35	29	22	14	29	11	46	15	16	46	10	26	1	3	25	34	23	31	40	8	21	
2	31	21	24	37	9	19	33	42	8	48	33	21	24	29	34	27	21	4	18	33	3	9	15	20	33	22	19	33	32	20	31	35	28	29	37	23	13	27	15	5	36	7	29	7	3	3	21	10	21	
22	17	5	24	18	13	22	19	14	21	27	12	15	29	5	14	33	39	1	18	19	21	4	4	13	34	38	41	34	13	17	6	9	27	36	8	5	41	42	31	34	19	16	26	29	1	26	24	13	27	
14	12	1	20	8	17	17	14	19	16	25	7	10	24	27	9	28	34	20	13	14	16	20	12	24	3	11	20	29	25	31	31	4	25	19	45	32	30	22	4	24	14	28	14	15	8	11	39	16	22	
17	19	23	38	7	25	34	16	14	39	29	3	33	14	8	7	30	16	39	14	29	37	36	35	43	14	32	41	29	7	33	7	27	8	27	12	40	38	45	3	6	7	20	33	7	31	16	37	27	24	
24	13	17	39	28	25	24	7	29	23	22	14	17	15	9	8	11	6	25	20	7	23	27	14	27	27	33	9	17	6	20	16	11	39	30	11	5	27	22	28	35	12	4	26	31	20	7	15	39	29	
34	8	9	31	13	7	8	14	23	11	24	25	24	35	4	2	28	21	17	13	32	5	32	15	6	5	27	38	24	23	25	33	22	41	40	38	30	28	30	11	18	27	3	24	27	26	28	6	9	40	
4	12	10	20	24	7	4	14	25	16	15	7	10	4	6	9	10	2	24	13	14	16	5	12	16	16	22	25	22	12	13	1	4	35	13	20	20	19	24	10	15	14	18	13	22	13	21	33	1	4	
4	8	18	14	28	18	25	22	19	24	26	15	18	10	6	17	4	10	18	21	22	17	10	20	28	10	19	19	16	32	7	27	12	39	7	29	14	13	28	4	22	13	12	7	16	21	29	27	18	15	
M1
16	42	28	1	13	2	33	23	26	26	10	20	22	5	20	5	6	1	24	24	6	15	16	8	35	12	35	19	20	27	28	30	34	18	30	29	12	28	26	22	12	22	31	16	15	19	20	17	20	14	
26	27	14	7	20	3	29	9	26	11	19	2	8	2	6	21	14	29	10	10	16	6	38	21	8	21	31	3	6	13	14	24	12	4	16	13	14	19	3	8	29	25	22	2	9	13	6	10	6	7	
7	32	4	26	23	40	15	22	31	21	9	12	27	18	13	29	20	15	16	20	8	2	36	17	23	21	46	14	12	24	12	31	30	23	22	31	20	31	22	14	8	13	32	8	20	19	10	29	12	18	
21	37	15	32	25	21	11	30	29	5	18	21	35	30	7	19	29	36	16	17	27	25	17	3	13	7	36	12	21	33	16	36	23	43	31	27	15	24	24	23	21	3	5	17	29	9	21	1	20	9	
3	2	25	15	34	29	4	17	34	20	34	20	16	27	3	28	31	30	18	18	3	14	23	29	8	26	14	4	23	3	15	25	2	12	32	4	33	20	5	5	42	7	30	31	17	26	13	18	21	34	
37	34	23	7	26	21	38	9	23	12	26	7	8	23	27	5	37	8	10	10	18	6	38	21	21	21	31	12	5	13	41	17	20	4	12	2	12	19	15	27	34	6	22	34	9	28	38	10	13	4	
31	5	36	4	37	17	5	34	17	30	29	28	26	38	21	33	20	25	4	22	36	31	12	4	1	3	31	26	15	20	10	11	38	29	33	29	33	22	32	30	14	15	36	24	24	21	6	24	28	34	
11	35	2	11	30	10	14	10	18	16	5	9	12	1	14	18	24	17	14	4	22	10	18	25	25	20	10	10	16	17	24	28	24	8	26	27	22	23	5	1	7	29	26	12	1	23	16	6	16	11	
18	21	7	33	18	30	18	15	35	16	35	14	28	17	30	32	23	25	19	23	11	8	10	9	31	32	27	9	2	24	23	6	6	30	7	10	2	26	25	4	2	33	9	11	6	22	15	11	15	21	
18	32	21	15	27	27	27	30	27	17	1	6	29	33	15	31	19	27	11	26	4	27	6	15	30	27	11	25	23	23	14	40	38	25	25	3	12	22	31	25	27	29	21	19	18	25	8	9	18	29	
23	38	10	19	16	22	24	10	27	20	29	16	20	10	10	27	12	6	15	22	26	18	4	33	4	26	7	9	21	21	25	36	6	16	10	24	28	20	14	2	9	27	33	17	14	18	9	12	20	7	
37	5	24	12	32	4	29	10	2	15	5	2	15	30	21	27	5	13	14	17	25	13	31	17	28	19	12	19	12	20	38	31	27	11	38	14	33	26	7	24	24	1	29	33	7	9	16	11	20	5	
28	23	12	25	26	10	38	23	40	1	33	1	7	30	27	12	34	27	5	17	7	16	27	10	10	22	21	1	27	31	33	13	9	24	34	29	15	30	16	41	24	39	36	37	15	23	39	2	25	27	
1	11	23	18	11	38	37	35	7	34	3	25	30	33	16	7	33	19	6	10	22	29	16	7	11	5	35	27	7	25	25	14	7	40	35	14	27	31	35	27	37	9	23	21	24	10	13	28	25	11	
32	33	12	39	27	7	35	22	2	21	2	12	40	22	35	25	16	35	16	20	15	16	41	15	28	20	21	14	12	24	1	39	28	36	22	8	20	38	17	14	11	38	25	8	11	12	2	33	12	16	
14	35	23	43	1	33	12	5	22	16	39	16	20	30	21	30	29	22	5	30	1	35	14	1	30	7	23	24	21	31	31	34	32	44	31	26	30	24	9	8	30	33	45	27	17	13	17	25	31	35	
36	36	25	7	2	13	17	11	2	14	1	14	10	25	29	4	37	19	12	12	9	8	40	23	23	1	17	14	3	15	35	26	22	6	17	27	12	18	29	34	10	14	24	28	11	30	3	12	15	37	
30	19	3	2	23	25	15	28	29	19	30	18	15	28	9	29	1	25	22	25	25	22	11	17	18	30	9	19	18	28	6	22	6	34	27	8	10	7	7	20	32	29	2	14	23	15	18	13	5	24	
10	38	29	13	21	9	23	25	21	1	29	15	24	10	11	25	23	14	10	2	34	5	4	36	31	23	6	21	21	20	4	19	24	20	20	23	2	20	15	23	3	23	20	17	16	15	21	18	21	4	
24	16	22	14	34	24	44	5	19	6	8	25	26	37	18	25	41	16	19	41	36	41	41	35	1	41	38	30	25	19	34	8	4	45	25	31	1	15	6	39	30	9	43	33	44	34	31	31	5	25	
36	40	4	28	27	18	30	23	36	9	37	16	27	11	2	33	10	16	20	24	5	17	39	26	32	5	42	10	2	28	12	18	18	25	12	7	24	5	9	16	35	14	39	12	30	23	16	30	16	22	
28	38	29	12	1	5	30	16	44	18	18	13	14	30	27	29	34	38	17	17	24	13	9	18	7	22	28	18	5	20	30	16	26	11	30	11	13	25	9	15	25	32	21	22	12	33	26	17	20	32	
8	23	14	21	21	24	17	16	24	15	14	6	24	16	11	18	14	24	10	14	34	10	10	37	22	11	8	8	6	6	10	39	22	20	10	24	14	5	16	8	10	12	36	2	1	13	6	20	6	12	
2	7	7	17	26	16	24	32	3	20	14	16	34	32	29	2	4	22	36	2	19	32	29	47	6	22	7	9	1	18	34	6	30	30	5	16	2	21	33	34	40	11	26	28	2	21	18	3	6	9	
11	30	15	20	20	23	40	24	29	7	15	1	10	43	18	25	4	25	12	30	19	22	40	3	23	2	25	14	26	4	16	26	22	37	9	12	23	40	4	4	31	25	29	46	28	5	15	15	18	39	
34	21	27	11	2	25	10	13	35	16	30	16	12	27	30	8	28	39	14	11	22	6	29	23	18	25	31	13	22	6	11	28	24	8	24	22	10	23	10	12	10	29	12	38	13	9	12	14	17	26	
20	26	22	20	28	8	9	22	12	5	35	1	21	27	20	12	20	8	21	8	31	19	25	34	17	34	20	7	17	26	25	37	33	17	27	9	13	32	27	19	25	12	32	13	22	6	17	4	15	12	
2	21	18	19	7	16	24	21	27	7	35	7	3	4	24	17	22	1	11	19	4	9	10	16	16	27	7	7	22	5	30	17	15	16	8	3	21	26	22	24	14	27	16	18	21	21	22	8	2	27	
32	11	11	24	5	6	7	24	8	4	2	9	5	5	34	20	5	31	13	24	15	20	13	18	18	26	29	5	16	27	18	21	17	21	25	12	23	8	24	14	8	36	3	12	23	10	16	10	16	22	
18	16	30	2	32	11	8	27	9	19	45	2	23	32	28	7	25	22	26	7	8	4	22	7	2	10	6	14	21	34	2	20	32	31	22	23	23	31	3	24	39	26	34	18	20	12	22	18	22	26	
30	35	35	31	14	25	24	33	27	22	14	13	31	40	37	10	23	25	34	15	32	30	23	1	12	7	9	24	29	37	35	3	18	28	33	12	30	27	44	36	31	29	25	30	30	7	34	21	32	29	
26	27	11	13	14	29	28	2	40	22	25	20	25	27	29	16	28	22	24	2	35	21	7	38	6	27	20	22	20	24	28	26	37	21	3	13	28	23	30	22	21	30	39	16	4	27	20	27	20	13	
39	28	4	19	34	26	8	10	9	7	3	19	20	1	36	35	21	40	22	22	23	18	42	33	6	33	25	14	19	10	27	29	32	16	29	42	27	18	29	21	28	6	31	15	21	2	9	22	19	15	
32	29	18	2	21	16	33	4	42	7	21	7	3	18	31	18	32	33	5	5	13	1	33	16	16	16	26	7	13	8	36	19	15	2	40	35	21	14	22	35	29	20	17	29	4	23	33	5	8	30	
8	21	8	1	17	31	12	2	29	19	1	31	28	6	6	35	9	18	23	39	35	14	14	31	13	35	33	32	14	21	35	24	27	43	11	29	15	30	18	33	28	1	21	27	26	37	31	11	8	36	
3	21	33	34	22	9	25	38	10	16	33	17	18	10	4	22	36	24	26	24	28	11	12	31	28	25	8	22	22	29	32	34	30	33	9	9	29	28	15	14	16	28	8	25	5	18	24	20	6	8	
30	8	36	25	19	23	23	21	33	26	31	20	22	22	29	18	14	45	17	36	32	32	11	19	35	3	30	19	28	28	2	38	34	34	14	6	36	27	6	13	32	8	43	24	15	35	28	27	17	2	
7	1	25	23	32	17	18	27	21	14	8	10	30	27	20	21	25	17	10	17	30	21	23	24	26	41	1	11	17	19	25	35	26	26	26	18	21	39	27	19	10	21	41	13	31	6	17	13	10	21	
22	47	36	14	17	34	35	29	18	25	8	25	21	4	3	5	40	26	29	30	27	22	15	32	34	37	34	15	29	32	36	37	14	24	5	15	27	21	17	34	7	17	41	28	2	16	12	26	32	21	
3	9	23	7	17	8	22	9	36	12	26	4	8	23	25	7	10	38	10	10	8	6	5	21	21	1	24	12	18	10	5	24	12	4	26	17	26	19	27	24	17	19	22	18	9	18	22	10	11	28	
8	38	32	18	3	6	2	30	25	18	32	14	17	9	19	20	25	21	15	12	15	32	38	4	16	11	5	20	10	21	11	10	6	30	24	22	26	30	31	20	21	25	6	26	21	19	24	1	28	25	
15	30	3	9	4	22	21	11	26	14	12	6	10	16	23	23	3	23	1	12	20	8	1	23	14	19	7	8	6	15	14	26	17	6	16	10	13	17	5	1	22	24	24	2	11	13	6	12	6	12	
29	7	3	12	26	22	32	23	11	28	33	24	25	20	43	6	7	31	19	30	29	20	32	29	31	6	15	21	37	33	33	41	13	24	45	5	5	28	6	13	24	2	2	36	24	28	34	2	2	3	
23	27	11	33	18	43	26	13	23	12	26	3	33	13	41	20	11	31	7	11	34	7	35	40	19	32	37	5	3	15	11	38	27	30	13	33	11	43	13	5	38	47	33	41	35	10	3	29	3	9	
12	45	24	25	33	29	30	19	5	20	30	13	22	28	31	33	31	23	27	12	31	15	11	22	35	11	13	3	23	28	21	11	32	38	28	30	7	7	26	25	15	33	42	19	23	6	23	9	23	15	
26	7	20	6	25	20	28	8	31	11	25	11	7	22	34	22	21	20	9	9	17	5	37	20	17	2	11	2	1	12	21	23	2	3	19	21	21	18	23	15	31	12	21	9	8	20	13	9	10	19	
30	30	19	22	33	2	19	24	16	8	17	8	4	32	30	19	16	18	12	18	14	21	28	17	14	29	2	8	27	11	35	10	16	19	37	19	22	1	7	29	29	22	37	23	18	16	19	9	1	22	
8	22	14	26	5	1	28	10	43	31	12	31	27	10	43	12	24	16	29	29	26	17	41	34	25	29	36	12	16	32	12	38	39	23	38	28	35	32	11	32	19	32	25	29	14	7	32	3	23	6	
24	26	13	11	27	26	19	22	24	8	5	3	24	22	38	29	8	26	16	20	34	16	30	36	28	24	10	14	12	24	20	4	36	20	22	27	17	22	22	14	43	18	14	8	22	4	12	6	12	18	
18	21	34	23	29	25	19	25	14	23	31	12	24	6	33	26	36	7	8	24	34	14	11	37	20	33	30	28	3	27	23	36	22	20	4	33	19	22	27	27	4	33	19	24	23	8	24	5	28	30	
M2
3	25	27	16	37	11	41	9	7	40	14	29	4	28	29	35	21	21	41	3	29	1	4	19	27	10	12	5	27	13	22	30	34	8	27	27	29	10	28	41	37	35	44	8	20	27	28	25	5	25	
21	18	29	15	25	9	16	30	11	31	22	8	16	22	12	6	29	4	24	5	24	13	17	17	9	8	28	12	8	23	13	19	17	13	16	23	30	14	4	10	38	15	23	36	1	30	7	1	21	13	
29	3	32	29	22	6	45	37	8	35	16	11	13	7	9	28	26	1	27	10	32	10	1	15	15	40	8	9	11	26	34	21	26	12	24	20	4	31	10	1	17	8	24	10	30	24	9	26	18	33	
2	14	1	22	34	22	40	34	24	9	15	15	29	22	25	28	20	17	14	1	4	26	13	20	10	35	24	17	17	36	21	30	7	28	21	25	2	22	1	16	33	24	8	1	37	13	23	21	30	24	
38	23	28	40	14	25	45	21	1	37	24	7	24	30	20	34	37	12	23	18	15	15	18	26	26	14	21	20	21	32	30	25	24	37	36	9	33	43	35	24	6	28	34	34	20	13	8	37	29	5	
29	24	6	17	7	17	15	39	29	29	33	14	1	23	4	29	22	22	30	20	30	19	22	20	36	15	17	19	6	35	33	39	33	23	37	21	25	37	9	9	23	21	2	26	33	43	17	29	6	21	
36	19	6	27	15	1	16	42	29	15	4	32	4	1	30	27	22	22	20	31	38	6	22	21	12	34	4	18	4	21	21	5	31	33	40	17	25	43	31	13	38	5	29	31	42	19	30	15	26	27	
35	23	20	12	32	23	33	39	17	6	4	25	22	28	18	9	17	10	33	34	23	22	31	14	9	22	12	14	18	38	12	24	30	3	16	13	29	13	29	18	19	29	6	11	19	5	11	16	1	21	
11	31	15	15	10	2	18	35	30	12	40	18	38	31	31	38	24	31	8	37	33	28	15	11	38	24	6	12	40	26	26	36	21	32	19	36	34	23	31	31	7	2	5	22	37	38	39	40	33	23	
17	30	36	27	7	20	20	11	36	1	25	40	35	10	3	33	32	32	28	38	32	8	9	30	13	7	5	29	37	10	33	35	16	11	29	23	20	26	11	4	11	16	16	32	3	17	25	17	16	34	
11	5	30	9	24	32	18	15	11	21	19	23	13	28	4	27	25	24	31	2	10	34	31	4	25	44	7	22	31	16	12	27	11	26	22	13	29	23	20	38	20	12	39	2	11	5	29	22	9	25	
17	15	6	37	4	9	25	41	23	17	12	13	26	18	30	21	41	22	1	31	21	31	22	15	36	15	16	1	8	39	37	21	4	33	38	41	24	27	31	22	29	29	17	31	9	14	22	37	37	13	
38	39	23	27	2	34	1	33	18	20	25	11	28	31	19	21	33	29	27	4	28	14	1	26	24	33	13	11	11	35	6	35	1	16	24	2	3	27	23	28	6	36	39	6	30	23	33	26	17	1	
20	34	26	7	14	26	14	23	20	3	24	23	13	19	19	21	35	13	13	25	22	19	18	7	2	20	41	21	38	10	41	17	36	13	29	14	31	20	30	41	37	37	25	9	38	41	35	29	30	21	
46	6	42	25	39	39	14	46	24	17	39	21	9	19	34	34	34	41	24	36	39	23	12	8	29	49	10	35	38	20	19	20	17	36	21	18	24	27	26	35	34	20	38	41	8	35	27	48	22	4	
24	34	16	23	14	11	39	5	4	36	17	30	30	7	26	27	28	18	42	2	30	28	32	26	31	43	23	10	30	45	18	2	22	28	4	5	35	29	35	30	46	4	11	8	36	26	25	28	12	31	
44	30	12	20	13	33	30	45	6	15	41	23	32	34	28	41	37	20	3	37	43	35	14	3	9	35	32	23	38	17	26	19	20	38	36	8	11	15	33	20	32	35	18	26	40	37	20	20	21	29	
44	15	45	22	34	7	49	46	1	43	49	31	6	12	2	21	19	35	47	34	27	35	35	8	8	48	22	2	23	22	28	14	19	28	23	13	33	38	23	24	28	31	17	31	27	42	31	19	11	31	
37	2	36	13	33	11	13	39	9	29	31	23	3	9	10	28	27	2	36	17	18	43	23	16	5	39	16	10	31	19	13	22	3	26	31	21	30	30	30	32	13	34	20	36	34	30	23	27	19	1	
22	13	23	7	21	26	28	36	39	34	19	2	26	17	34	14	15	32	9	24	23	39	3	23	18	1	11	8	6	35	27	18	16	35	21	25	17	10	2	21	4	15	34	1	4	11	19	21	23	20	
15	42	30	7	32	7	38	18	23	27	28	25	34	11	44	33	20	36	19	25	28	16	7	1	13	44	35	22	28	15	28	26	4	5	18	14	18	27	30	15	10	24	37	6	34	30	33	8	32	29	
39	21	3	15	33	24	19	29	6	45	16	28	22	25	15	12	20	13	20	28	21	12	9	18	27	21	15	6	13	27	27	8	33	21	9	1	11	12	9	19	32	26	31	16	35	15	27	36	4	1	
21	25	16	14	11	11	32	17	14	23	5	14	19	15	15	21	19	7	15	28	20	17	30	11	1	40	13	15	10	35	11	21	30	20	1	26	3	34	28	32	32	39	30	23	7	1	20	32	3	15	
24	26	40	33	39	18	36	29	12	37	21	40	17	20	13	32	3	5	26	35	33	32	38	19	19	27	27	13	2	30	19	25	14	31	13	24	36	21	4	35	22	42	11	12	11	36	8	30	22	4	
18	29	24	22	20	21	35	42	15	33	12	35	20	23	10	10	23	8	6	36	16	19	12	12	18	43	7	16	34	36	15	4	19	28	15	13	23	42	1	11	26	7	6	26	9	32	37	33	11	19	
40	27	37	16	11	11	31	18	34	34	1	29	28	26	16	31	9	38	18	24	15	41	32	19	32	19	11	18	30	22	16	34	17	17	31	32	31	16	33	19	47	8	39	11	15	33	1	16	5	21	
17	2	2	25	26	4	27	20	4	24	8	28	18	8	14	21	16	6	30	27	33	27	18	20	20	1	2	14	11	17	6	26	25	29	28	15	5	34	23	18	34	16	29	27	33	3	19	31	23	23	
28	20	2	30	31	1	24	18	15	26	33	28	14	20	26	27	5	18	44	3	28	24	15	14	29	32	23	7	7	37	48	7	29	18	29	7	6	18	27	18	31	25	14	9	30	30	26	29	23	7	
43	22	4	19	12	25	25	34	27	4	3	30	29	14	21	36	13	20	21	27	10	21	20	23	34	15	6	23	2	30	21	2	40	15	21	3	6	13	16	20	12	27	33	29	3	3	28	36	35	14	
28	21	26	21	25	3	37	33	27	38	26	6	27	38	28	39	31	20	10	29	25	10	20	9	1	8	31	22	24	3	33	10	20	42	10	32	16	41	11	11	41	20	17	25	15	35	26	4	30	17	
38	31	30	23	7	23	8	14	17	5	16	16	9	12	18	2	25	10	11	22	43	17	6	7	24	44	14	18	6	38	36	30	6	38	9	29	4	28	4	13	25	33	33	46	35	4	18	27	27	14	
39	4	27	31	26	17	27	23	11	6	29	31	16	22	12	21	29	4	19	32	32	36	14	18	18	18	14	12	9	20	6	1	25	10	28	8	23	28	23	18	38	16	27	10	31	23	13	14	21	12	
42	25	24	18	16	22	43	44	16	32	28	27	1	27	17	12	25	9	43	24	7	37	33	19	23	10	20	4	31	3	38	25	12	26	38	15	42	29	23	5	14	35	32	29	32	6	16	28	9	23	
35	21	40	38	36	36	3	13	29	26	27	20	31	13	17	13	22	35	20	6	7	12	16	9	37	9	17	36	7	31	28	34	39	14	6	30	32	38	26	3	32	1	15	22	21	39	27	23	31	25	
44	26	22	20	20	32	34	26	17	31	16	33	31	26	26	28	6	19	37	43	43	11	32	21	10	18	20	22	32	4	13	28	32	26	35	6	18	40	30	37	46	9	21	25	38	29	34	20	9	14	
8	24	6	21	8	27	40	16	25	35	25	32	34	28	30	30	33	22	42	26	8	31	21	10	33	7	8	28	19	23	27	22	41	7	30	16	25	31	24	22	38	29	27	10	8	9	14	29	17	33	
36	7	25	22	4	28	22	6	35	5	19	4	26	2	23	35	27	28	16	16	22	45	19	1	31	1	29	20	9	3	21	2	5	21	14	32	8	29	23	37	19	26	25	8	20	10	19	28	23	31	
12	25	31	29	29	19	36	35	19	39	30	10	38	32	12	3	10	28	26	22	25	35	39	24	31	29	22	5	33	16	35	36	21	9	20	24	17	6	35	21	10	38	41	8	34	4	7	28	20	31	
31	21	5	7	32	26	7	13	28	38	22	29	16	27	29	10	30	21	39	30	32	17	9	32	8	4	21	29	28	43	37	17	36	32	32	27	7	37	30	7	9	28	22	30	16	9	22	25	26	14	
31	13	17	14	19	4	41	7	23	5	16	25	28	6	24	29	6	16	31	8	24	4	21	24	25	17	26	1	33	42	32	31	17	24	22	26	36	1	11	23	28	23	8	2	41	2	7	17	29	25	
1	41	33	26	37	10	30	32	31	8	20	27	17	28	23	32	5	39	27	20	26	12	13	15	28	9	31	29	35	37	38	29	6	32	25	29	4	7	45	6	33	11	19	5	15	36	27	15	29	28	
27	7	2	31	21	23	13	29	25	27	33	15	8	24	26	17	43	18	3	27	27	7	8	29	31	27	25	26	6	35	9	13	28	6	2	33	21	44	5	18	11	25	32	27	14	12	26	22	33	33	
8	9	31	8	34	39	34	40	8	6	35	15	16	5	30	12	41	38	12	30	7	32	12	6	20	41	35	31	20	34	16	34	34	29	27	27	32	33	5	39	31	27	38	25	39	33	35	22	34	43	
26	17	9	2	25	15	20	19	32	24	6	27	37	7	33	8	38	25	38	4	3	19	17	3	4	35	28	15	12	26	30	10	15	28	1	5	26	2	25	23	26	11	21	8	20	37	8	1	37	4	
16	30	29	19	3	38	44	17	22	40	12	30	35	44	36	33	21	35	30	12	16	17	20	22	6	35	19	10	24	17	25	2	15	11	36	2	27	39	42	30	1	20	36	23	21	6	34	4	8	27	
32	42	31	8	22	37	23	29	19	20	31	13	24	27	25	13	25	25	15	22	25	23	6	22	29	43	17	2	5	10	2	12	21	36	24	5	19	40	19	28	40	10	27	31	33	18	33	26	31	2	
28	35	18	30	25	6	14	5	21	23	4	21	26	22	22	20	7	14	29	24	16	22	24	25	26	29	11	22	24	30	5	15	24	43	27	8	7	20	21	31	42	28	15	9	15	22	36	29	29	32	
10	19	19	32	9	19	35	14	37	32	19	11	36	31	38	29	37	30	27	12	8	34	1	25	15	41	12	3	5	10	14	3	1	38	24	38	26	40	31	11	42	1	18	41	30	24	16	13	21	32	
26	13	25	2	24	36	30	43	22	33	36	15	23	37	41	29	7	33	31	25	28	27	37	5	23	28	2	4	24	41	20	28	20	8	31	29	26	22	25	30	33	32	32	11	22	37	17	31	20	11	
8	24	6	22	31	25	26	30	15	34	29	32	12	9	13	28	21	12	24	31	13	25	22	15	14	41	24	20	27	31	16	7	23	16	38	1	25	41	13	22	20	23	35	27	23	33	8	7	29	43	
M3
24	43	26	45	18	22	31	9	41	25	9	43	31	2	11	12	19	23	11	25	25	27	21	32	35	31	30	46	28	26	12	29	6	31	25	18	20	20	2	24	26	1	31	39	8	29	8	28	44	35	
27	29	1	10	17	21	14	17	12	3	7	21	17	4	18	6	15	6	26	19	16	13	24	23	35	25	25	20	20	10	32	28	22	12	21	28	11	14	32	27	20	19	24	22	13	15	27	26	27	32	
23	7	17	36	30	16	9	16	32	15	1	1	27	27	10	3	35	33	4	16	32	18	20	18	30	13	3	10	8	17	40	18	27	22	18	38	30	11	19	23	17	23	22	30	4	20	24	26	22	32	
32	28	23	30	5	25	18	26	37	32	12	36	39	32	33	26	2	41	48	10	41	22	29	25	20	39	38	5	25	31	17	22	37	14	40	13	39	11	36	32	18	28	9	41	38	42	26	29	18	41	
19	35	12	34	5	9	12	37	1	24	14	21	40	33	27	2	30	32	33	15	32	2	20	21	12	21	17	29	12	15	38	2	6	21	17	22	11	10	28	23	16	23	19	10	22	19	23	25	25	33	
4	23	20	29	11	18	11	31	4	5	38	36	15	1	10	19	26	26	40	19	13	34	1	12	19	12	10	28	8	10	28	8	9	15	15	12	4	10	29	2	17	4	24	24	39	35	18	26	24	15	
9	19	17	27	16	2	16	33	24	10	28	23	23	26	10	3	21	30	33	3	18	18	6	4	25	16	15	12	2	8	35	35	14	18	18	27	16	11	13	9	17	9	8	18	32	19	23	18	8	18	
22	38	17	32	24	19	16	40	45	15	39	33	13	1	9	24	9	33	9	24	10	20	27	9	38	36	21	33	8	29	16	9	13	34	12	18	7	7	3	30	15	29	19	13	41	13	22	32	17	5	
10	29	9	31	26	12	5	36	3	20	31	12	32	30	12	13	31	40	29	13	28	22	16	14	35	4	25	4	12	12	7	39	24	28	28	32	21	21	23	1	27	17	16	28	34	27	20	28	18	19	
6	25	22	28	13	8	13	14	10	7	24	2	31	30	12	21	20	24	26	21	10	28	3	2	9	8	12	21	10	12	46	38	1	29	29	25	5	23	10	1	3	1	26	26	41	31	5	28	26	17	
7	8	14	15	14	21	14	13	27	8	19	34	32	31	4	22	20	20	36	18	16	23	4	15	3	15	13	25	11	13	7	30	6	34	23	6	35	17	5	7	20	7	12	27	27	13	3	23	27	18	
15	4	23	33	22	3	1	4	30	16	34	15	14	32	9	9	27	36	4	9	11	24	12	10	21	4	21	10	8	14	35	17	13	24	24	3	22	17	19	8	12	1	14	24	33	19	29	6	14	24	
32	30	25	6	12	9	29	27	1	33	23	20	7	43	10	11	8	26	20	21	7	26	29	17	31	23	38	1	36	25	28	9	20	23	23	24	36	19	40	10	14	24	20	9	38	28	31	24	29	16	
18	28	25	20	30	13	13	48	11	2	32	13	4	20	5	11	27	34	29	21	4	26	24	8	31	2	21	18	20	20	18	29	7	24	21	31	11	19	24	27	24	27	26	19	41	13	10	3	26	36	
7	3	19	23	14	3	14	19	26	8	7	41	31	22	13	19	23	29	19	22	16	26	4	15	17	15	13	24	11	4	38	14	12	33	22	7	29	16	13	7	20	7	13	27	36	10	12	18	6	18	
14	33	7	26	21	21	20	41	22	15	29	24	37	25	20	11	26	23	32	6	23	8	11	22	30	12	20	27	18	7	30	25	19	12	8	30	23	1	36	14	7	14	33	20	23	10	14	16	33	24	
9	30	10	21	30	17	19	33	24	29	32	17	24	32	34	27	28	34	15	2	3	30	25	28	8	1	17	20	4	32	23	5	2	40	23	34	4	22	23	28	26	23	28	20	35	42	7	22	32	19	
20	29	10	20	27	19	23	23	23	30	32	32	31	10	32	14	20	33	7	17	13	29	32	1	31	32	34	21	24	1	14	8	40	28	19	24	17	3	41	35	28	17	34	30	34	31	14	17	14	24	
30	38	40	30	16	1	37	32	41	3	42	22	14	8	36	28	37	8	32	30	30	25	27	32	17	31	12	28	11	29	29	31	25	33	7	24	12	31	19	30	12	19	31	32	12	28	39	14	10	21	
12	1	37	20	27	22	15	24	24	22	37	43	15	25	16	23	13	8	41	18	19	6	18	20	23	26	22	25	17	22	17	9	21	10	16	37	21	10	26	21	21	21	9	38	5	26	35	29	12	29	
9	1	17	23	7	23	16	36	8	9	1	22	10	3	15	3	30	31	34	16	18	17	6	17	25	17	15	5	12	15	4	31	14	22	15	5	15	5	34	9	17	9	18	29	27	20	18	25	29	20	
15	34	17	34	22	7	22	5	32	16	39	18	40	11	21	3	14	20	33	5	22	13	12	11	31	22	8	37	10	17	34	9	20	22	18	26	33	7	24	15	1	15	32	28	25	12	13	26	35	26	
2	21	18	27	9	16	9	29	30	3	40	37	27	26	8	17	24	24	39	17	11	32	20	10	18	10	8	26	6	8	45	34	7	32	26	33	30	25	27	2	15	2	22	22	37	33	16	24	22	13	
23	13	11	10	11	2	30	41	40	13	23	18	32	24	29	30	14	32	13	25	2	19	20	21	27	15	27	20	25	29	32	23	28	11	39	7	19	23	38	19	24	4	24	27	34	29	37	39	17	30	
14	33	30	39	21	25	18	14	13	15	14	20	27	38	20	26	10	36	31	26	23	12	11	22	30	22	20	20	18	20	31	24	8	31	9	15	28	3	14	14	7	4	9	34	42	42	13	23	31	19	
21	31	15	7	2	14	7	23	36	17	24	31	35	10	6	15	3	35	10	15	14	11	18	16	32	28	21	17	14	20	29	34	26	15	22	25	28	23	10	21	1	21	20	29	16	31	6	29	20	30	
27	10	20	36	28	11	20	7	4	28	36	37	15	36	12	6	12	36	5	3	7	9	24	10	28	23	17	35	22	20	5	22	22	24	21	24	34	14	38	27	20	14	26	9	36	23	7	27	21	37	
19	14	12	29	11	35	34	43	36	17	18	31	16	29	31	7	13	32	5	5	22	22	25	36	20	26	34	24	32	21	39	22	33	5	22	44	15	15	10	26	6	21	10	34	2	23	28	30	47	18	
5	32	19	6	8	27	20	35	6	35	23	41	7	22	31	19	3	17	21	4	16	2	31	29	10	38	40	16	1	4	1	26	29	25	22	24	41	9	27	34	16	25	20	29	12	23	33	8	16	33	
5	14	1	5	15	27	28	36	8	23	22	23	16	4	28	1	5	31	24	14	31	16	19	29	27	20	25	6	26	12	26	32	27	20	4	16	29	9	35	22	15	22	19	15	26	18	20	2	28	15	
28	37	20	8	12	6	24	6	31	4	25	26	2	27	13	24	13	20	23	21	1	4	33	13	19	27	42	18	28	9	30	15	38	15	9	6	28	24	40	36	31	33	22	38	1	40	39	14	18	38	
6	18	20	32	34	34	33	3	16	28	34	30	46	14	2	6	11	25	40	19	6	21	24	26	9	20	7	40	4	20	8	34	28	10	21	35	36	14	34	26	5	2	6	22	8	23	17	29	27	13	
14	1	26	27	19	11	4	29	28	3	27	32	22	12	19	12	25	22	1	12	19	27	15	1	4	25	24	21	11	17	11	13	12	14	24	4	21	4	21	4	22	17	17	27	41	12	28	8	17	2	
8	7	20	24	4	22	15	4	23	8	18	5	13	20	14	20	24	30	33	19	14	5	5	16	13	16	14	18	12	5	4	29	8	38	23	7	16	14	33	8	21	6	28	28	34	30	22	21	7	19	
27	34	23	27	28	3	28	31	30	14	31	28	13	15	10	11	27	41	5	19	7	14	28	5	6	4	28	28	35	8	2	22	25	20	26	2	28	19	11	12	24	21	26	22	22	15	29	24	30	36	
21	1	7	23	28	21	28	31	26	22	29	29	3	22	27	19	7	38	19	15	21	19	18	3	22	28	27	24	25	4	26	42	21	3	4	18	38	27	35	6	33	21	19	18	32	25	25	20	15	32	
4	23	20	27	11	12	11	5	32	5	28	15	10	15	2	19	14	26	31	8	13	8	1	11	13	12	10	28	8	10	6	14	9	16	28	7	22	27	6	4	17	4	10	24	31	35	15	5	1	15	
29	12	22	22	32	17	29	16	6	19	28	16	30	40	28	8	29	28	31	21	2	16	26	21	15	20	35	21	14	22	26	15	12	19	6	28	18	16	33	12	22	20	12	5	38	25	23	20	14	12	
22	31	3	30	35	13	21	4	33	21	25	25	7	4	8	26	14	17	22	29	35	15	25	17	20	34	27	15	28	11	9	28	24	29	10	17	42	17	5	19	38	28	22	26	6	43	42	20	8	14	
9	17	11	24	19	26	19	39	25	13	12	33	6	23	18	18	24	28	36	27	21	33	9	20	28	10	18	10	16	5	23	3	17	37	12	26	6	26	12	4	3	12	32	10	33	35	26	21	1	22	
1	36	8	25	21	39	32	32	15	26	30	23	2	17	31	29	6	1	10	39	24	7	22	26	9	33	17	27	10	30	36	44	28	28	29	7	19	23	34	25	4	9	8	40	31	40	27	15	9	14	
9	25	17	32	22	8	1	17	30	16	11	20	29	32	9	8	27	2	39	9	24	23	12	10	20	22	2	5	8	14	33	24	20	9	23	14	22	16	19	15	9	12	14	24	38	10	29	24	6	24	
18	28	16	27	18	11	4	31	2	19	29	22	32	35	19	10	30	34	26	12	19	25	15	1	27	25	24	21	11	17	9	10	15	27	1	14	22	18	22	18	20	18	17	27	3	16	31	27	14	25	
1	30	24	5	15	15	28	17	25	33	11	32	24	14	43	16	12	9	41	20	43	26	34	25	30	30	27	14	35	30	17	21	4	24	28	6	9	21	6	34	28	30	19	12	30	13	5	20	20	15	
30	23	9	21	18	32	37	3	29	31	11	26	44	4	9	28	19	6	34	36	39	16	27	28	19	24	2	25	34	27	7	26	35	37	39	39	26	33	44	30	24	3	35	4	34	7	16	10	12	13	
9	8	36	35	30	23	27	26	16	22	23	21	47	38	33	35	31	9	9	35	27	16	24	9	43	1	31	12	28	33	21	34	32	24	35	3	18	9	24	26	29	24	10	33	43	48	25	32	24	38	
6	20	29	28	29	16	11	38	19	3	35	15	10	28	26	17	10	23	25	19	20	31	22	2	32	32	31	28	18	24	11	12	5	29	31	25	1	25	11	25	31	12	22	29	43	2	38	6	7	34	
10	35	24	31	30	24	32	32	8	31	8	32	33	30	36	10	28	28	5	18	21	14	27	22	7	28	34	14	34	12	16	32	22	17	25	33	30	13	32	14	24	9	27	4	17	27	19	28	31	22	
16	27	18	34	23	10	3	7	25	17	26	6	24	34	15	11	22	9	7	11	15	24	13	8	1	24	22	20	10	16	39	11	13	20	21	27	23	15	11	11	19	16	12	7	23	27	25	26	16	14	
19	19	18	31	9	12	5	28	27	12	14	33	5	36	20	4	31	34	9	13	24	19	16	6	23	23	1	10	12	18	41	15	24	23	19	29	20	12	17	19	6	19	14	28	29	7	25	27	18	28	
M4
20	29	21	26	13	16	36	13	28	27	18	21	2	17	3	28	30	12	30	23	1	15	2	26	1	22	14	4	24	23	11	26	21	31	23	12	6	17	21	9	27	14	16	23	10	24	17	5	10	9	
36	35	19	37	41	24	14	39	11	27	27	24	27	15	24	30	33	38	24	21	24	24	31	20	31	20	22	12	36	15	25	19	7	3	31	24	6	21	29	32	21	22	16	1	20	26	7	29	29	34	
28	18	30	35	23	25	32	13	36	19	24	27	39	27	24	19	20	24	16	33	27	20	18	34	13	5	22	30	16	18	7	8	21	15	18	12	34	28	19	21	31	9	31	29	23	15	39	24	29	21	
1	22	4	33	26	10	25	19	23	10	7	10	7	9	10	16	18	23	4	1	12	12	11	32	17	25	18	16	25	11	29	25	27	10	11	17	27	15	12	14	5	2	22	2	9	24	22	17	9	14	
25	29	3	9	7	23	18	39	8	12	35	19	34	16	28	34	37	5	28	29	11	24	30	8	33	38	26	20	1	37	13	12	38	38	30	32	15	12	9	38	15	29	24	37	16	34	15	33	36	17	
28	13	41	25	31	25	15	21	17	21	22	15	22	7	25	31	6	27	23	16	18	6	7	23	30	31	23	23	13	27	26	33	4	25	5	31	5	14	25	31	14	24	14	32	26	32	30	30	24	34	
34	26	21	33	20	3	27	23	36	14	11	3	9	13	3	9	12	26	3	5	3	3	13	31	15	22	1	10	15	12	4	11	31	14	13	16	29	10	8	16	8	4	5	19	17	13	18	11	13	16	
9	30	36	16	4	31	39	16	21	8	32	14	29	33	30	41	16	5	23	26	17	25	5	16	3	17	42	25	29	33	20	32	2	12	16	6	39	15	32	39	16	34	37	18	9	22	27	30	12	10	
33	26	12	27	28	20	37	18	23	30	11	14	33	22	6	19	30	5	23	37	14	2	11	2	18	9	25	2	38	16	7	25	26	20	23	26	33	19	23	26	29	14	23	25	25	4	29	23	18	26	
33	11	7	33	24	18	13	18	33	24	31	23	29	22	17	12	12	29	23	25	23	7	11	8	18	18	21	2	8	32	18	11	7	30	25	2	6	26	11	29	28	24	25	16	6	21	21	27	21	31	
36	13	29	36	25	19	40	21	40	20	8	1	20	33	5	39	33	14	10	38	3	24	32	30	30	21	12	36	36	3	21	17	26	13	27	30	40	6	10	31	16	25	27	15	12	35	16	29	23	20	
21	43	25	33	10	4	25	11	25	5	30	16	14	28	25	39	33	15	35	24	10	35	22	17	20	8	33	28	28	14	23	4	14	13	19	23	42	2	31	29	21	26	18	20	1	34	1	14	8	5	
25	22	34	36	27	5	26	30	26	23	7	10	25	27	14	17	23	23	19	19	12	20	12	33	9	25	21	7	13	12	30	26	32	22	12	1	24	15	10	6	23	3	25	24	17	13	6	18	26	4	
2	1	20	20	20	3	2	23	15	14	11	2	11	22	12	17	21	27	8	5	12	3	17	4	7	24	6	14	7	8	13	12	30	14	17	21	26	18	17	20	9	8	11	21	17	22	17	20	13	9	
6	22	27	8	5	10	23	37	36	7	25	23	25	2	28	34	19	12	21	19	2	24	25	25	24	37	5	12	12	5	23	8	32	28	15	35	13	2	6	15	23	27	4	29	19	6	38	39	3	27	
29	13	36	24	8	2	31	19	28	23	20	15	20	30	1	26	7	26	32	14	25	25	2	32	2	9	9	7	35	25	10	33	27	23	30	3	36	27	32	34	18	22	35	14	30	21	25	11	22	30	
10	22	16	3	33	8	19	30	40	29	7	10	5	36	9	25	22	23	19	31	12	29	25	15	2	30	21	21	19	12	9	24	27	22	5	15	23	15	19	6	9	17	31	24	3	27	20	28	1	18	
23	14	15	7	15	26	19	8	35	17	14	17	14	25	17	23	2	18	26	8	16	14	19	17	15	26	16	17	18	19	5	27	16	15	19	20	35	22	20	18	12	10	26	6	23	13	23	19	7	5	
20	11	39	30	33	21	11	30	11	11	8	9	24	31	10	27	30	15	20	23	13	21	6	28	16	31	9	28	25	13	22	21	20	10	7	2	2	10	20	34	26	22	23	16	22	31	24	10	9	27	
30	18	28	29	22	17	28	15	34	6	3	6	3	14	6	12	17	19	15	30	8	8	14	34	18	24	14	19	21	8	25	21	23	6	14	13	30	11	15	17	1	5	18	13	17	20	18	20	5	16	
12	24	34	35	17	13	28	18	13	22	31	26	31	7	12	7	15	29	28	25	1	29	13	15	10	15	4	6	33	9	21	17	26	33	9	14	24	3	31	5	29	21	10	14	33	32	17	16	20	17	
21	12	31	5	9	8	17	32	29	28	23	19	21	32	27	31	20	26	27	19	20	9	13	3	1	37	23	29	11	5	2	27	25	11	31	31	6	4	30	36	23	27	29	14	3	36	34	5	19	34	
4	4	12	1	29	21	11	19	3	28	21	21	27	22	21	27	5	29	21	22	21	21	15	36	24	2	19	28	10	15	7	28	5	14	15	1	11	28	16	18	26	6	23	32	20	7	27	19	25	18	
14	24	26	4	21	15	23	31	41	22	9	7	19	10	14	9	20	25	6	13	14	23	15	10	15	22	22	20	27	14	21	25	29	8	30	10	32	17	7	33	11	21	21	2	8	28	1	24	21	6	
16	25	23	23	11	1	11	1	21	4	10	13	7	7	13	17	10	12	17	4	15	15	12	23	10	3	19	23	22	15	22	2	9	13	21	13	37	18	22	22	8	12	23	20	16	26	15	27	12	17	
27	14	35	35	10	34	33	38	34	35	30	22	20	36	35	39	7	19	37	26	35	24	29	31	38	33	36	6	39	17	42	32	16	2	8	4	35	14	26	5	30	32	36	29	19	31	35	10	16	26	
11	26	40	25	13	15	26	3	30	5	15	18	15	6	18	14	22	12	27	9	20	20	14	6	6	9	11	6	14	20	6	5	11	18	25	15	36	23	27	29	13	17	30	25	18	31	30	29	17	17	
28	5	31	24	7	13	3	19	25	24	21	13	19	23	13	19	22	30	12	15	13	13	9	38	3	29	7	10	15	22	14	21	26	22	6	26	16	9	18	18	18	14	15	18	27	8	22	17	23	26	
5	21	26	29	23	19	9	17	16	9	27	19	25	1	19	25	3	25	19	21	19	13	20	12	26	12	17	23	21	27	20	27	4	30	16	12	24	26	24	30	10	18	21	9	17	29	19	5	25	29	
38	21	36	13	5	9	30	23	42	14	11	8	11	22	14	20	25	14	23	5	16	16	16	18	22	19	22	18	17	10	13	20	19	14	16	21	17	19	17	8	9	7	26	21	17	7	23	14	13	19	
24	23	9	19	8	11	1	26	1	22	18	11	4	3	2	6	17	4	11	13	11	11	12	16	12	19	9	17	23	20	12	10	34	22	21	13	31	18	16	19	16	12	13	24	25	20	19	1	21	12	
28	21	17	18	14	11	1	31	23	22	19	7	17	21	11	12	7	4	11	13	11	9	18	37	18	23	4	5	23	20	12	6	31	16	21	17	3	18	11	24	16	12	6	24	7	21	21	19	21	3	
16	26	34	24	8	3	7	12	34	16	11	14	13	24	16	22	8	5	17	7	16	17	8	31	11	33	4	15	10	15	18	25	20	16	15	18	5	19	16	18	11	6	19	23	20	27	13	14	3	15	
15	33	21	10	27	10	28	17	40	27	18	21	33	14	17	33	30	28	30	34	3	12	14	35	26	23	19	25	31	8	1	30	25	33	14	29	30	4	15	7	21	5	25	6	6	17	34	20	24	16	
31	36	31	14	15	19	42	16	43	30	37	26	37	32	17	20	31	23	45	31	10	36	26	1	25	11	29	29	6	10	19	11	24	20	28	11	26	31	32	14	16	25	24	32	11	6	33	2	16	15	
13	15	18	30	11	8	34	25	31	17	14	13	14	15	7	2	13	23	3	8	19	13	8	38	8	13	2	13	21	19	16	12	8	17	11	9	24	22	21	13	12	11	29	20	14	22	5	17	7	22	
34	19	10	8	4	3	18	24	46	26	4	7	13	33	8	29	29	20	16	29	9	26	24	22	1	10	17	29	35	9	1	23	11	19	8	23	31	10	16	28	22	25	30	13	14	21	22	1	11	10	
28	19	6	38	19	22	28	20	26	29	28	20	28	7	21	37	32	18	34	22	33	29	28	12	29	39	3	40	30	9	39	30	9	9	9	15	38	33	27	31	26	19	4	26	2	34	3	8	30	23	
8	20	18	16	14	9	29	4	31	18	7	10	22	35	8	3	10	7	19	21	12	28	9	26	9	16	12	14	39	12	12	6	1	22	26	10	14	15	2	1	25	29	36	15	19	16	25	18	22	20	
13	17	33	32	8	15	5	10	37	11	10	13	10	11	13	19	3	6	15	4	15	15	21	16	19	5	8	22	16	15	14	23	3	13	21	20	7	18	20	3	8	12	17	20	11	25	25	23	10	23	
14	23	14	22	8	22	12	12	39	9	30	18	28	13	22	28	31	2	21	24	22	8	23	17	21	7	20	20	4	31	23	21	18	9	16	24	33	28	27	7	27	23	24	33	27	3	30	3	11	14	
30	24	36	27	18	27	17	32	29	16	9	12	31	29	16	33	31	17	21	25	14	11	3	24	34	27	23	29	20	3	28	28	31	24	3	27	19	17	4	6	27	15	16	20	8	25	24	9	21	6	
22	27	31	29	1	13	3	7	22	7	21	5	19	16	11	10	11	18	13	15	13	2	16	13	16	9	11	20	13	22	14	21	15	2	7	17	15	20	18	3	6	14	15	28	20	22	20	21	23	23	
20	23	4	5	31	6	35	22	4	15	12	15	4	23	15	21	21	25	24	6	17	16	1	33	18	26	23	20	2	17	12	27	25	15	23	14	3	20	23	19	10	14	27	22	3	26	18	12	10	16	
36	19	29	36	20	25	26	25	38	8	13	7	13	15	16	22	1	15	8	7	18	10	12	33	4	29	24	6	29	12	35	16	33	16	6	23	28	21	5	15	11	3	25	22	1	18	22	18	8	15	
7	5	1	33	21	26	27	11	25	18	22	21	15	31	7	24	3	13	34	32	13	14	21	10	18	20	33	31	19	21	6	1	1	27	7	23	35	30	22	5	2	12	22	26	26	21	30	21	20	24	
20	34	2	9	29	12	27	37	33	6	20	23	25	34	27	24	12	5	32	19	25	10	7	32	6	32	34	30	11	14	11	27	30	26	14	31	8	28	15	17	23	5	27	31	19	23	32	20	27	17	
14	25	20	10	36	24	38	26	45	23	26	16	26	44	33	30	22	1	38	31	31	16	36	1	18	12	37	41	23	10	26	2	17	32	6	36	10	32	32	36	35	28	20	10	17	47	31	18	8	35	
26	15	31	35	21	2	26	21	39	12	9	12	9	5	12	9	20	22	10	3	2	14	15	15	15	16	20	20	27	14	23	23	28	12	20	16	28	17	21	23	7	11	11	19	7	4	19	21	11	1	
27	23	13	17	27	4	27	17	33	11	8	11	8	6	3	17	22	24	20	2	13	13	19	24	11	4	19	6	16	6	26	5	18	11	19	4	30	16	9	22	6	10	23	18	22	22	1	3	8	21	
M5
14	16	15	31	12	26	18	11	14	18	10	16	27	17	23	16	10	23	22	16	4	23	16	8	28	21	13	6	11	22	7	23	33	16	18	21	10	20	18	33	8	5	22	28	31	19	22	13	25	6	
23	37	23	14	12	12	6	2	2	18	10	27	22	21	20	11	2	21	36	17	8	24	13	16	8	12	9	19	16	23	12	24	32	21	4	19	30	22	22	11	36	5	26	12	27	16	4	8	16	15	
24	24	22	8	10	13	22	9	12	16	5	18	9	2	4	15	23	27	15	15	19	10	22	10	9	17	3	21	5	14	10	19	23	21	16	7	14	3	20	20	9	3	28	29	6	4	20	20	10	16	
16	15	34	6	7	13	10	13	23	22	18	24	20	14	13	18	6	25	38	18	10	1	10	24	8	14	17	2	12	31	12	22	16	18	24	6	19	22	15	11	24	14	17	38	12	11	1	35	26	8	
11	30	26	26	13	24	12	8	21	5	1	18	24	10	4	13	6	19	6	13	18	20	5	2	6	18	12	8	10	20	18	1	5	9	16	11	8	17	2	30	31	15	16	4	11	8	19	4	1	3	
25	14	19	23	20	35	18	22	12	17	27	24	38	45	25	27	24	18	33	27	23	34	20	5	33	31	27	22	10	4	25	14	11	11	37	18	29	21	15	18	22	30	28	22	32	23	6	22	28	17	
10	5	31	28	1	18	19	13	30	16	12	26	20	12	19	9	16	17	6	12	17	19	12	18	21	17	19	7	9	33	12	18	29	3	25	18	25	16	23	29	30	22	2	19	13	4	26	25	5	2	
20	17	28	31	12	21	16	11	14	13	4	22	14	15	23	17	9	25	3	9	16	16	16	15	21	14	5	22	16	24	12	16	11	5	18	10	12	21	20	26	29	5	23	11	12	19	22	38	32	22	
3	3	9	1	27	17	20	16	28	21	25	27	34	10	20	29	17	7	29	17	19	12	13	10	11	22	20	5	26	41	22	6	3	5	30	10	29	22	14	10	7	20	31	38	21	16	27	34	28	19	
31	31	6	22	15	33	3	14	1	21	13	13	6	15	19	20	27	30	4	20	31	27	27	15	28	25	10	23	4	29	1	22	37	26	21	28	17	31	25	20	43	8	31	34	26	2	14	18	6	27	
26	23	23	24	9	29	22	9	12	13	8	6	10	7	13	15	18	8	40	15	27	22	22	21	27	20	10	12	3	25	10	21	4	22	13	1	13	12	26	29	23	3	8	38	19	3	5	27	23	25	
24	10	3	42	16	18	31	9	8	29	22	12	25	20	7	14	12	27	22	25	13	4	24	24	8	17	25	18	1	12	24	1	35	5	7	10	38	30	16	14	22	17	16	27	34	18	25	41	21	16	
1	3	24	10	20	11	11	7	23	9	17	15	16	29	11	5	8	18	7	5	6	12	4	11	17	10	11	10	13	8	10	12	12	12	19	10	16	24	10	22	33	14	14	8	1	7	18	4	20	10	
23	10	28	34	6	27	19	15	2	16	20	33	12	36	19	1	20	1	32	12	16	13	19	7	13	9	12	24	26	25	17	15	29	18	19	6	25	23	17	23	17	15	26	17	27	22	31	40	30	19	
11	30	25	18	13	27	15	11	27	2	13	22	23	33	15	13	12	26	23	13	18	20	8	19	11	18	15	8	10	18	18	13	4	16	29	14	19	6	24	20	20	18	20	32	21	11	2	5	3	3	
12	22	17	23	16	19	8	4	27	5	14	22	1	33	15	22	9	3	25	1	17	8	8	7	2	6	15	14	21	14	6	4	18	12	8	14	14	18	7	18	29	18	15	17	23	11	20	38	21	14	
23	19	29	13	26	20	16	12	17	21	22	12	3	32	9	19	13	17	26	25	2	30	9	9	3	4	16	12	22	1	1	3	37	17	30	15	4	25	4	17	1	19	8	20	10	12	10	2	15	15	
28	28	26	19	8	13	25	10	27	8	23	32	11	39	18	10	16	23	43	21	27	28	18	27	22	8	25	7	27	6	8	20	4	26	28	11	31	7	16	38	21	18	10	33	1	21	16	36	21	20	
14	23	1	3	13	23	22	17	29	18	4	27	13	36	15	16	20	3	30	16	4	9	16	14	17	21	23	11	13	26	19	20	33	6	26	16	29	4	11	5	18	22	1	11	35	7	1	8	18	6	
8	18	16	19	12	15	4	3	23	1	17	18	25	29	11	20	5	17	27	6	13	4	4	3	12	2	11	10	17	22	2	4	14	12	16	10	10	19	8	14	25	14	11	21	23	7	18	34	20	10	
1	12	34	14	15	15	13	9	23	12	19	20	27	29	1	22	10	35	38	16	10	1	6	22	9	14	13	12	2	11	21	21	33	14	26	7	27	26	6	11	24	14	30	40	25	9	19	38	22	12	
24	7	26	40	13	7	20	12	15	19	11	27	27	33	20	17	17	30	30	18	2	22	13	24	1	6	14	19	17	26	13	25	35	21	18	19	31	30	7	3	16	6	32	42	32	16	23	32	29	16	
12	31	29	30	15	32	5	1	17	18	11	12	19	23	5	14	2	27	37	14	19	21	7	19	26	19	5	4	11	31	15	21	31	6	19	4	19	18	25	31	30	8	28	38	17	1	12	30	14	4	
11	30	15	19	28	31	19	8	28	3	13	25	24	38	18	13	17	26	27	13	18	20	13	12	25	18	20	8	10	27	18	20	24	2	31	4	15	7	1	19	21	21	14	21	20	16	27	30	14	3	
24	6	29	33	37	39	4	10	31	4	17	18	35	33	12	27	30	40	34	22	31	29	27	5	5	24	30	7	24	27	27	29	23	16	30	18	29	21	15	24	35	34	19	34	22	14	33	1	24	17	
17	12	31	22	19	35	24	18	5	19	17	31	17	30	24	6	21	19	25	17	24	21	17	7	18	10	20	14	16	22	19	20	34	18	24	20	23	23	17	31	18	12	18	33	16	20	29	8	17	9	
18	26	19	26	15	21	2	15	18	14	17	2	9	36	23	24	8	18	30	24	19	13	24	2	18	17	20	2	17	17	15	7	35	13	2	15	5	18	12	18	5	12	12	32	31	19	4	35	25	14	
25	26	19	16	19	25	27	21	10	16	27	2	19	36	15	27	24	11	1	27	3	20	20	7	6	17	2	4	3	23	19	13	40	18	22	16	11	4	17	23	18	25	4	10	6	10	16	1	8	17	
17	16	26	6	23	26	7	14	31	12	28	28	15	23	22	4	16	12	38	8	24	15	15	14	15	13	1	6	28	16	13	15	17	23	22	21	18	30	16	9	15	25	11	13	34	18	6	10	27	21	
7	7	33	15	19	19	9	5	21	9	15	16	17	27	9	18	2	31	27	18	19	10	2	23	18	23	9	8	1	35	18	25	15	10	23	8	23	22	4	20	22	12	32	39	2	5	16	19	7	8	
17	17	12	27	11	22	10	6	7	4	16	16	3	28	10	19	7	19	39	19	10	26	3	16	4	13	10	9	15	18	20	17	14	11	4	9	6	23	5	36	25	13	20	23	22	2	17	31	2	9	
18	15	10	25	20	12	17	16	22	14	18	23	27	36	20	16	8	23	1	10	23	17	17	5	23	11	14	16	22	16	15	17	12	7	17	9	23	21	15	27	35	13	24	19	11	17	2	42	28	15	
11	16	35	3	17	26	23	7	17	23	15	20	1	25	22	12	20	23	38	22	4	26	16	11	24	21	18	22	21	22	16	19	39	22	2	22	10	27	9	7	21	10	19	39	35	10	27	26	11	22	
16	8	29	33	26	20	14	19	20	17	3	32	22	30	25	18	14	31	28	18	7	6	18	5	14	19	25	10	15	39	23	25	8	16	31	14	29	21	15	16	6	19	28	15	34	21	18	28	11	8	
29	30	29	42	32	26	22	18	25	7	15	12	2	1	22	17	19	30	31	28	36	30	15	15	29	4	22	3	26	38	19	8	8	18	23	21	28	30	25	1	35	25	6	25	7	3	18	42	31	21	
9	24	5	1	23	10	18	12	18	5	11	9	15	8	18	11	15	2	26	11	16	18	11	17	21	16	4	6	8	21	16	18	14	9	11	2	9	15	22	4	14	21	11	35	24	14	25	28	10	1	
29	23	20	14	20	9	11	18	6	25	18	3	19	37	24	25	21	6	39	21	7	21	28	19	16	5	21	26	18	5	20	18	38	22	24	27	24	23	29	31	29	13	7	22	31	31	11	32	38	21	
11	28	9	2	18	21	20	14	20	9	13	27	24	22	1	13	17	26	29	13	18	20	13	11	12	13	19	8	10	12	5	6	30	21	24	2	18	17	20	27	4	11	19	16	32	16	17	30	7	3	
20	17	2	1	15	19	24	14	17	18	13	17	8	17	30	20	28	11	29	20	14	5	24	15	10	18	16	9	11	5	15	22	16	13	11	28	7	19	19	15	23	8	7	34	21	13	7	41	36	14	
23	2	27	20	15	27	25	21	1	20	28	15	18	13	13	19	3	30	44	30	22	13	18	8	21	17	7	1	7	8	23	24	1	19	24	20	17	8	18	21	12	23	31	20	21	21	29	17	25	20	
25	14	18	33	20	3	6	20	23	17	19	27	25	31	15	25	1	3	20	26	10	1	21	5	9	14	22	22	16	29	21	33	19	16	24	18	17	21	1	4	5	14	20	22	33	11	16	21	28	17	
19	29	27	30	3	26	15	2	5	9	1	22	19	40	22	8	16	21	38	8	24	15	15	14	20	13	4	15	7	32	3	15	25	15	9	21	21	30	19	25	36	25	22	32	34	18	13	45	31	21	
2	26	20	3	15	26	10	3	22	19	16	3	6	8	10	4	7	17	25	15	21	12	3	21	16	20	10	9	16	13	20	18	18	11	22	9	24	23	21	22	35	13	11	1	13	6	11	35	14	9	
15	13	12	15	8	22	3	7	10	2	6	9	14	19	18	13	12	24	1	4	20	11	11	3	19	9	9	17	12	29	8	11	21	12	14	12	17	19	1	21	16	1	12	28	30	14	18	41	26	15	
21	6	21	14	20	28	17	16	22	14	18	12	2	19	13	25	2	10	40	10	11	17	17	16	20	15	21	20	22	20	4	17	23	13	26	14	14	2	21	16	16	13	19	28	25	19	18	14	19	15	
19	26	19	19	22	20	12	8	22	23	18	2	8	27	3	21	9	22	30	21	4	13	5	26	21	6	12	11	17	8	14	17	6	12	23	11	9	25	8	5	36	15	1	23	5	8	19	24	11	11	
12	22	10	22	16	19	8	7	24	5	12	8	29	33	8	18	9	4	22	1	16	8	8	7	11	6	15	14	17	25	6	8	11	16	18	14	13	23	12	18	29	18	15	8	10	11	22	38	20	14	
13	23	19	17	13	20	8	8	25	6	21	23	6	34	4	20	10	11	26	2	18	9	9	8	17	4	13	15	22	27	7	3	7	4	21	15	15	24	13	6	21	16	1	26	28	12	23	24	25	15	
21	28	22	39	24	28	14	10	3	4	19	5	28	32	14	23	11	22	8	23	13	14	7	23	22	27	14	13	20	14	16	20	40	15	26	13	28	27	11	16	37	17	35	40	26	10	13	39	23	13	
4	23	25	22	21	24	13	7	25	10	6	20	17	31	13	6	10	19	36	6	11	13	6	12	18	11	13	1	3	30	11	13	23	14	24	12	19	10	17	23	24	16	20	30	25	9	20	23	22	12	
M6
11	11	18	6	37	20	42	18	9	40	3	29	2	33	30	39	33	33	26	30	23	32	44	35	43	23	33	5	31	32	28	12	33	26	19	13	29	7	16	1	3	31	14	25	19	10	12	16	20	16	
25	37	25	21	19	22	28	30	26	34	14	2	9	9	35	21	37	23	22	23	19	39	39	6	37	14	30	19	9	6	10	22	23	3	26	33	5	5	26	23	21	13	13	23	4	27	26	22	11	23	
37	23	44	7	9	31	25	24	28	18	34	33	47	36	46	30	43	21	33	32	28	24	12	23	36	23	5	7	25	17	19	21	39	18	4	20	38	26	34	3	37	15	4	19	23	21	22	20	20	2	
29	12	19	35	20	35	17	2	30	45	7	5	13	21	36	39	40	1	42	5	8	29	14	18	5	32	25	29	10	20	28	39	33	33	2	44	46	34	34	11	26	29	18	17	30	21	10	39	32	19	
45	34	1	11	26	35	26	35	39	4	11	42	33	14	33	28	29	29	40	34	8	12	43	19	13	30	16	15	7	22	26	36	38	21	15	38	28	24	36	31	13	27	27	32	27	11	7	17	30	28	
13	32	3	14	29	32	32	40	27	39	20	30	21	1	4	31	1	18	27	33	29	4	27	22	10	24	33	29	26	18	20	24	5	23	31	25	8	7	15	24	32	18	23	30	5	4	32	7	12	26	
3	20	29	31	25	3	12	21	21	22	29	4	13	39	22	2	10	2	37	45	35	21	30	17	10	26	2	20	24	27	39	36	17	29	9	49	44	21	32	7	5	8	31	36	7	25	15	13	1	3	
22	25	25	1	24	31	13	32	26	30	8	25	11	18	1	28	33	14	24	19	25	18	5	2	13	7	26	16	25	3	19	34	16	16	28	1	15	38	14	7	32	9	22	32	4	27	19	14	23	32	
4	29	39	23	16	15	1	15	34	25	26	17	27	7	5	18	7	7	5	2	16	1	47	10	13	11	26	8	13	21	7	24	22	13	29	18	14	5	21	33	25	38	10	20	33	26	14	10	11	20	
41	26	21	25	19	11	15	20	22	5	13	5	5	11	18	24	36	34	35	28	31	35	12	7	34	26	24	1	19	5	22	12	36	8	6	35	37	31	17	11	18	14	17	28	12	23	31	22	26	5	
10	25	15	13	20	23	20	5	30	27	32	29	39	28	27	22	36	24	25	24	9	26	38	18	11	15	7	2	1	15	11	30	7	11	36	4	6	28	17	17	4	26	14	24	21	30	27	24	4	11	
22	20	30	2	1	36	9	16	15	45	15	34	14	42	6	35	7	40	43	33	39	29	28	33	34	21	40	1	38	42	40	36	42	25	20	18	47	17	26	8	13	32	13	14	49	12	20	26	37	35	
30	37	1	38	20	7	33	6	2	23	4	12	35	28	16	22	16	24	25	24	20	15	27	18	35	15	19	37	14	25	11	34	33	17	2	37	18	25	27	13	6	29	14	8	34	3	19	11	9	6	
14	28	18	44	29	15	19	23	19	28	1	29	2	32	19	29	23	21	11	41	21	15	41	3	14	32	14	10	29	20	28	34	30	11	19	6	12	2	4	30	16	17	31	19	37	8	13	14	26	23	
21	24	6	29	24	26	12	33	26	11	23	17	34	20	1	24	8	6	29	13	24	40	45	2	14	19	26	31	5	5	15	34	14	21	40	29	15	32	24	3	2	12	18	28	6	20	13	12	19	3	
31	18	35	13	16	29	17	35	2	22	4	33	22	2	2	31	16	32	31	4	3	35	41	22	16	5	24	24	22	19	48	4	26	31	9	26	28	22	20	34	31	2	1	33	22	28	33	1	3	11	
34	24	42	30	12	32	19	39	34	16	30	41	37	17	27	33	31	11	33	36	29	4	14	34	34	27	40	31	20	28	27	35	16	25	14	30	29	37	12	27	25	28	30	25	8	43	21	3	18	3	
31	17	32	1	23	9	40	28	27	32	29	43	19	24	13	32	34	31	6	32	20	28	35	30	1	14	23	11	23	23	31	40	30	16	20	34	36	26	15	21	9	43	28	42	2	37	15	2	7	27	
7	6	21	26	4	41	16	4	27	8	31	20	19	34	24	32	13	11	31	13	40	4	35	6	17	14	4	22	12	43	38	16	39	26	33	18	21	18	36	39	35	37	21	18	22	27	18	16	27	39	
33	39	8	4	32	8	24	4	1	37	41	43	45	40	38	3	7	35	25	38	13	19	26	32	20	3	26	1	13	8	25	28	20	27	8	21	37	47	25	24	20	38	28	38	28	47	41	42	29	38	
5	34	37	34	11	39	4	43	24	41	11	4	22	34	17	39	27	39	30	25	33	32	38	13	8	24	37	31	35	4	32	26	29	24	39	33	11	8	44	12	2	13	12	35	31	15	1	14	7	29	
17	32	16	34	31	21	22	12	32	37	18	43	44	41	41	38	2	9	40	41	34	28	48	31	19	29	17	28	40	5	34	12	36	14	34	43	25	36	26	29	6	13	10	20	10	12	37	8	22	8	
13	21	17	12	7	20	23	22	18	23	20	26	1	25	23	16	3	12	22	21	9	2	12	2	24	12	3	10	14	22	8	25	30	14	18	33	13	6	8	29	22	35	11	21	34	19	8	27	12	1	
25	19	10	20	3	31	21	16	1	5	10	6	9	6	40	3	32	14	5	28	39	20	23	19	32	6	1	19	35	14	35	16	34	28	17	29	30	22	26	36	30	17	15	11	28	24	30	22	33	23	
24	33	37	16	6	19	9	35	14	12	30	1	36	16	1	20	20	14	23	22	18	2	19	16	20	13	17	30	15	5	9	30	9	5	42	14	28	14	23	29	21	7	2	22	10	9	2	42	8	6	
39	42	38	30	29	25	14	46	26	34	17	9	28	8	40	26	21	29	24	33	11	31	11	16	40	24	40	2	14	30	20	38	42	26	26	32	27	12	30	43	9	23	23	33	27	25	30	29	12	7	
39	2	35	39	22	21	4	3	7	4	13	19	34	31	31	28	22	34	30	34	22	3	15	2	15	15	24	2	27	35	21	41	43	11	13	31	40	5	37	19	21	21	24	27	22	7	13	46	25	34	
36	1	15	8	36	17	40	22	18	9	20	12	1	30	1	22	29	27	19	2	6	19	43	13	31	21	35	9	30	22	27	8	15	33	4	39	6	12	35	21	22	17	28	8	2	17	25	27	24	22	
31	40	38	28	3	36	3	35	39	31	15	19	40	32	10	38	25	35	34	34	15	29	36	34	26	16	24	42	30	25	27	13	22	11	19	48	46	45	18	23	7	9	30	32	4	30	31	30	19	24	
12	27	28	28	2	16	12	21	22	17	31	4	12	38	29	37	22	19	21	10	4	18	33	24	11	8	43	9	11	13	26	39	12	32	29	3	2	47	26	5	33	21	29	7	6	9	33	13	8	5	
17	25	36	31	7	10	23	34	28	25	19	16	33	15	29	9	33	11	12	11	7	34	47	5	25	2	29	30	4	12	27	33	20	4	33	37	17	35	14	24	16	29	1	11	24	32	14	38	2	11	
9	25	38	39	21	14	27	25	26	27	33	19	32	29	19	3	34	5	3	22	21	6	23	5	33	16	7	25	18	21	12	12	18	14	25	7	31	28	18	38	6	21	15	18	25	1	28	31	16	6	
3	15	31	25	14	30	27	3	1	26	13	2	39	19	18	29	25	23	22	31	7	18	2	25	33	20	7	25	17	22	18	9	7	9	25	36	3	28	6	20	3	18	21	25	1	30	28	38	22	3	
11	26	24	10	26	29	28	23	29	28	33	4	34	35	4	37	22	20	4	7	20	3	1	26	20	25	8	26	34	16	32	33	24	6	22	34	39	29	3	25	43	9	22	15	6	6	25	33	12	17	
29	18	39	6	34	7	31	30	25	16	22	43	23	3	24	19	5	42	32	15	6	30	2	14	19	35	11	29	32	29	43	17	45	22	31	21	33	18	25	10	17	31	46	2	28	29	13	29	45	7	
17	19	27	25	5	32	21	20	24	9	28	8	39	33	15	26	24	20	13	2	6	10	32	19	32	2	1	18	29	22	23	21	22	28	8	26	4	1	21	20	26	31	26	2	1	21	3	40	3	22	
27	26	11	30	24	11	36	15	42	28	12	22	39	47	31	29	33	31	2	23	5	24	39	26	37	34	24	16	22	20	45	36	1	18	15	16	31	38	16	14	40	11	25	38	40	45	28	25	47	1	
38	8	13	23	21	22	19	17	28	16	33	25	27	18	24	15	20	12	13	39	26	19	36	28	33	34	10	21	2	25	35	2	27	2	8	10	9	30	9	5	25	17	14	11	22	3	12	16	27	14	
38	17	45	47	17	43	35	21	21	33	30	23	38	23	2	40	6	4	19	25	4	34	37	14	14	37	15	21	36	3	37	17	23	29	6	24	23	26	40	14	38	38	39	17	43	38	9	43	19	13	
31	25	20	3	3	3	3	12	21	39	9	9	4	17	31	23	35	16	26	25	21	21	26	19	6	1	38	6	18	26	12	43	22	2	16	29	31	27	28	32	25	43	15	17	26	8	26	30	16	25	
16	26	41	38	31	13	7	27	21	28	24	13	25	5	19	24	11	1	9	34	35	27	8	26	2	9	8	26	22	10	34	30	30	30	1	10	19	25	18	19	21	12	22	27	42	4	13	15	17	37	
4	19	37	39	24	36	2	19	36	28	33	40	32	41	21	35	11	23	2	7	17	24	30	24	13	21	13	31	30	22	24	10	29	26	19	38	36	34	6	29	3	36	24	2	18	3	28	9	26	32	
11	37	29	41	35	3	16	38	17	39	5	27	21	14	35	2	10	23	40	46	3	23	18	35	8	42	19	30	16	10	47	6	11	31	31	30	34	31	33	31	22	7	4	40	36	39	25	40	23	42	
23	26	32	31	29	28	41	23	12	33	39	28	31	39	16	13	1	29	7	34	16	29	40	29	9	2	29	29	28	28	22	26	11	3	31	40	41	22	12	3	22	21	25	35	23	23	34	1	14	13	
37	18	16	6	34	42	43	31	38	16	9	38	23	14	30	46	43	30	12	25	10	34	27	24	36	1	27	25	42	3	46	46	38	42	34	30	28	33	36	1	34	23	8	38	38	19	9	28	4	34	
21	29	8	35	4	14	27	19	32	29	23	20	26	7	25	13	22	6	16	15	11	28	15	9	29	6	32	1	8	16	2	35	1	8	19	8	21	27	18	28	20	33	5	15	28	8	18	16	6	15	
35	2	5	36	20	28	23	18	19	16	36	34	28	17	29	27	8	8	25	9	25	37	26	23	1	20	30	23	22	30	16	45	38	22	31	41	35	21	32	38	14	23	7	3	20	11	31	32	20	29	
24	29	27	3	28	2	28	9	9	22	36	24	24	41	25	3	21	21	7	6	9	29	29	29	33	28	19	1	9	10	26	27	1	31	29	15	31	16	10	28	32	24	29	30	9	37	9	35	3	36	
18	29	19	14	11	14	1	13	12	19	13	18	32	12	31	13	37	8	16	15	8	38	1	2	29	6	22	3	8	1	2	17	9	8	26	12	21	21	18	28	20	33	5	3	23	8	18	6	6	14	
22	29	37	20	17	23	7	10	14	31	30	5	43	27	20	24	32	25	29	22	15	12	38	21	11	9	11	22	10	20	15	16	28	21	12	16	16	10	31	26	33	2	17	6	7	34	31	12	19	1	
M7
31	4	16	27	26	22	7	30	12	13	12	35	43	44	10	9	37	29	24	32	39	31	38	25	23	12	16	21	5	19	44	33	13	24	13	12	12	31	35	17	38	34	23	3	32	38	20	18	3	21	
17	11	10	11	7	8	12	13	29	15	8	13	9	12	35	8	24	12	14	7	9	10	6	4	22	13	33	9	9	2	20	26	23	13	4	7	10	7	11	12	32	19	16	26	25	1	6	10	6	25	
37	12	1	5	18	20	34	35	29	39	28	7	36	26	18	15	2	16	23	29	26	27	42	3	29	37	27	25	32	27	5	33	17	35	31	27	16	24	31	20	32	15	30	26	6	23	27	32	12	33	
26	19	18	25	6	23	25	8	30	22	27	23	7	14	2	13	19	17	38	12	5	8	29	26	16	8	33	26	29	30	25	31	19	18	14	21	36	12	15	9	20	24	21	23	28	6	5	25	15	10	
7	21	16	26	8	25	37	37	32	31	39	19	28	21	4	6	35	36	39	10	25	27	22	13	7	30	29	25	28	24	2	19	14	37	30	5	28	21	28	34	26	19	14	34	11	25	32	30	28	10	
29	14	28	18	23	13	22	27	2	37	6	25	9	8	27	20	24	4	39	19	24	20	35	25	1	22	13	34	6	19	41	34	21	2	29	22	16	27	31	4	33	19	20	31	12	21	31	31	24	34	
22	29	7	8	17	10	23	19	23	12	26	10	4	9	27	26	30	12	11	12	6	15	3	3	11	16	13	4	9	20	17	5	23	9	7	13	16	20	23	20	30	3	20	18	13	19	21	10	19	21	
23	13	27	4	28	10	30	32	12	3	32	27	35	29	5	23	29	12	7	26	6	21	23	26	14	31	18	11	17	22	35	22	5	14	10	12	6	12	31	14	13	12	28	27	22	34	17	9	40	30	
34	5	19	3	21	15	34	26	25	24	12	22	18	21	7	15	34	3	33	24	2	35	15	26	17	28	31	18	16	1	8	33	20	38	33	21	24	18	7	11	33	24	19	13	5	31	31	13	33	32	
22	28	31	21	22	35	13	14	43	40	39	30	19	7	26	29	10	33	10	2	34	33	32	24	5	32	37	24	28	2	21	10	21	33	8	12	33	5	32	36	37	27	27	30	29	36	37	15	38	23	
35	20	18	19	13	17	7	27	2	22	2	24	10	43	16	14	22	5	2	9	19	10	40	27	17	35	25	31	33	10	7	24	19	8	10	23	29	26	29	20	39	16	2	31	16	28	33	35	12	32	
21	1	28	15	12	27	38	16	4	28	16	23	32	6	16	31	11	15	18	30	1	26	24	15	30	19	2	8	30	31	17	27	12	12	18	33	27	23	13	27	22	25	31	11	24	24	17	18	22	23	
22	24	34	20	7	18	20	13	31	6	22	9	18	22	15	8	20	12	15	7	28	31	44	18	18	31	22	26	5	7	37	26	13	13	9	16	27	7	11	3	22	19	16	34	28	1	27	1	10	23	
18	12	33	23	10	1	23	16	33	20	25	21	21	10	4	11	23	13	39	10	1	28	33	18	7	5	12	29	4	34	18	20	13	16	12	13	17	10	14	3	23	22	19	16	30	4	9	29	4	33	
26	12	8	20	17	30	32	13	18	32	21	1	27	15	21	23	7	20	17	19	17	19	29	20	2	2	7	9	29	29	17	30	17	16	2	24	25	22	26	27	33	12	7	16	2	16	29	37	11	28	
29	33	37	24	21	25	25	25	36	21	19	14	22	30	12	34	32	24	27	33	10	2	33	1	36	35	11	31	10	34	23	41	5	21	20	2	41	32	37	36	5	35	2	38	26	27	33	31	4	32	
27	34	12	21	3	26	28	6	33	18	22	26	5	12	22	10	12	20	8	15	31	23	28	21	6	14	8	4	32	9	15	21	18	3	17	23	33	3	12	20	30	27	24	5	22	9	4	38	18	4	
24	19	14	3	32	1	43	35	11	30	36	10	19	32	18	13	27	21	30	31	9	25	26	35	37	20	22	21	29	24	26	19	17	24	23	7	19	37	31	36	29	27	5	16	17	31	32	23	32	37	
29	6	32	16	20	34	15	15	36	31	24	14	31	38	13	25	30	22	24	18	31	21	32	14	8	12	10	19	31	38	46	39	20	9	26	33	34	24	28	12	26	21	33	2	3	18	32	18	3	31	
8	22	8	14	13	12	26	19	1	17	20	16	24	11	15	14	12	18	27	13	11	28	9	19	31	22	6	12	15	26	4	21	16	16	15	22	32	13	17	2	38	21	22	26	28	7	19	23	16	4	
23	28	30	28	18	19	21	4	5	28	32	29	22	20	15	19	34	14	22	15	6	12	30	7	23	12	28	4	18	16	13	19	6	24	17	7	14	2	21	8	12	1	5	16	11	12	41	8	21	12	
9	22	15	22	21	20	10	31	20	20	3	11	31	35	31	26	35	8	36	41	4	39	39	3	13	4	17	30	3	28	16	22	18	16	11	24	16	24	42	5	30	27	11	35	30	37	22	9	34	12	
17	24	2	3	12	5	32	14	21	7	35	5	31	4	28	21	29	25	16	7	1	28	36	30	30	11	25	1	4	34	12	38	24	26	22	29	32	15	24	21	40	25	29	31	22	14	16	12	17	30	
22	25	35	14	19	25	2	31	29	7	5	23	16	7	35	9	38	27	18	21	16	19	34	19	7	3	30	10	6	4	6	19	18	37	23	19	20	25	13	32	4	7	24	22	17	38	10	23	33	25	
33	32	24	5	26	14	21	16	24	1	25	18	22	26	11	26	23	2	27	22	19	28	20	33	18	14	25	5	26	13	13	32	20	20	16	20	16	10	26	16	31	30	2	27	2	28	34	21	29	20	
20	27	5	6	15	8	8	17	24	10	34	8	29	7	9	24	32	18	19	10	4	30	1	31	10	14	28	4	7	22	11	31	23	18	25	1	31	18	23	21	12	18	13	2	25	17	19	7	20	11	
11	35	18	5	2	17	28	6	27	23	6	21	28	20	6	21	14	5	30	20	17	16	14	5	20	16	29	17	20	28	28	22	2	2	11	23	35	13	24	17	24	32	21	28	14	14	14	28	23	13	
25	31	10	11	15	8	40	22	15	15	43	12	20	12	36	29	1	33	5	15	9	4	6	21	29	19	31	1	12	35	20	9	22	2	5	26	37	23	30	29	38	33	32	17	30	22	12	15	25	38	
28	12	6	21	14	19	26	24	29	12	39	18	28	26	18	23	9	7	21	20	11	18	20	34	3	33	38	18	10	23	31	14	3	31	22	18	19	21	26	26	18	6	23	15	4	34	16	2	8	16	
29	6	20	20	14	18	11	19	5	6	22	23	25	22	23	7	31	13	19	14	19	24	16	28	34	29	38	3	18	29	15	11	27	20	16	23	10	12	18	19	35	12	23	19	22	8	9	30	17	2	
28	8	18	13	2	21	26	34	21	28	26	6	39	30	39	32	23	32	28	20	12	18	36	9	28	41	26	23	23	11	3	17	1	29	22	18	19	8	15	42	39	6	23	21	13	32	41	17	31	24	
37	23	31	20	13	16	26	19	26	23	28	4	3	28	31	14	7	18	29	8	21	4	34	18	13	27	24	30	30	35	25	32	20	10	15	11	9	5	17	18	11	18	4	33	2	7	23	38	16	32	
29	29	27	22	9	20	22	14	16	3	24	20	12	42	37	10	26	14	36	9	16	24	43	23	36	12	25	22	15	32	10	28	9	15	8	18	9	9	13	14	29	21	18	36	13	3	28	38	12	26	
27	4	28	17	12	15	21	18	1	22	27	23	23	16	32	13	29	3	16	12	23	16	32	16	30	6	22	29	17	8	28	16	9	6	14	21	33	12	16	17	4	24	7	17	31	6	8	37	3	35	
5	19	16	16	26	14	26	10	24	11	15	2	32	5	7	19	22	2	20	21	15	36	12	35	32	2	22	4	6	33	19	32	16	32	9	20	32	29	33	22	26	24	18	27	8	28	30	15	21	42	
11	25	10	25	2	15	20	26	6	6	4	28	17	36	26	6	15	20	6	8	19	14	31	22	29	29	12	9	10	14	24	25	21	22	22	7	20	22	2	29	20	7	16	22	17	34	7	29	36	3	
23	34	28	4	9	19	21	4	13	19	19	20	20	15	1	10	26	14	26	9	13	13	24	2	8	27	16	23	16	1	30	19	10	15	7	13	14	9	13	14	24	1	18	16	2	3	2	27	12	19	
23	21	7	16	14	18	22	3	18	20	2	2	7	13	18	23	9	13	12	16	14	14	11	17	24	24	4	14	17	19	7	14	4	14	10	11	6	8	22	16	10	2	5	15	1	26	25	25	12	20	
29	2	19	10	25	22	38	31	17	1	26	22	23	5	33	26	15	30	28	9	18	29	15	1	13	24	19	18	21	7	24	12	19	9	21	24	15	25	29	6	30	26	3	12	16	19	33	2	11	8	
14	36	36	33	11	31	16	12	15	18	14	24	26	3	19	21	6	25	11	20	31	38	32	34	7	4	29	16	34	18	36	39	37	26	22	29	25	20	3	11	40	29	27	2	39	14	19	46	4	44	
32	25	33	26	14	38	40	19	33	2	27	16	32	40	11	31	3	26	33	14	13	4	35	11	34	37	13	16	8	43	26	40	10	23	11	31	12	4	6	4	42	35	39	16	35	24	33	24	33	31	
13	38	25	23	33	9	11	20	19	30	24	19	25	20	41	17	35	17	16	5	3	3	21	24	13	34	31	24	8	8	20	9	26	38	7	3	4	20	11	27	34	26	8	6	1	30	39	33	20	9	
17	24	33	11	16	25	29	21	26	26	21	22	4	32	21	17	19	20	9	16	1	25	29	20	35	31	7	15	33	27	5	26	2	17	2	25	35	16	20	21	39	22	19	26	8	10	29	30	11	22	
2	9	21	22	3	24	32	31	33	20	32	16	28	23	10	26	7	30	11	25	1	33	17	32	9	3	36	20	17	12	20	27	32	28	7	29	9	7	1	15	11	29	33	20	17	19	30	1	1	40	
7	31	17	15	27	13	6	17	23	7	45	20	23	19	2	25	1	1	31	22	16	24	13	23	28	26	33	16	3	12	27	1	28	18	15	19	23	25	13	15	27	32	10	2	1	27	13	27	32	40	
35	31	31	14	1	12	14	7	28	11	16	12	12	36	29	2	18	6	30	1	25	25	43	15	28	37	32	20	18	27	31	20	28	7	3	10	25	1	5	6	40	13	10	28	23	7	35	40	4	31	
7	14	10	11	13	13	29	10	22	15	16	13	19	12	13	29	33	33	24	15	9	1	6	13	22	15	33	3	12	7	20	23	29	9	8	14	28	23	32	4	8	24	11	30	30	22	16	20	24	9	
21	17	16	1	12	26	28	16	9	21	6	26	26	4	16	16	19	15	13	15	20	1	24	15	3	26	2	10	19	22	18	26	12	12	15	13	8	15	9	20	19	8	24	14	18	9	4	28	18	23	
26	10	33	20	17	32	34	13	26	31	21	4	19	28	21	22	27	20	40	2	12	15	29	6	15	25	7	9	6	19	39	37	17	17	23	30	38	1	25	26	1	33	29	33	17	15	7	9	17	8	
14	20	15	15	12	13	19	16	6	20	16	18	14	17	14	22	15	15	19	5	14	26	11	10	30	3	2	2	17	10	1	5	12	12	21	30	5	20	26	3	34	18	28	24	5	24	10	9	24	23	
