50	8	1
8
	0	16	1	28	2	12	3	39	4	93	5	25	6	62	7	91
	0	54	1	13	2	5	3	61	4	67	5	20	6	67	7	53
	0	82	1	30	2	100	3	93	4	73	5	51	6	87	7	10
	0	10	1	100	2	80	3	35	4	56	5	23	6	50	7	29
	0	85	1	29	2	78	3	33	4	29	5	54	6	59	7	47
	0	46	1	54	2	33	3	29	4	17	5	16	6	45	7	22
	0	68	1	97	2	30	3	9	4	10	5	90	6	16	7	83
	0	16	1	11	2	60	3	55	4	12	5	14	6	6	7	77
	0	96	1	32	2	64	3	95	4	90	5	36	6	24	7	24
	0	1	1	29	2	83	3	51	4	26	5	59	6	8	7	62
	0	64	1	55	2	13	3	92	4	67	5	96	6	71	7	2
	0	6	1	94	2	47	3	81	4	72	5	16	6	54	7	73
	0	89	1	15	2	34	3	27	4	65	5	98	6	72	7	74
	0	61	1	16	2	23	3	32	4	85	5	77	6	70	7	27
	0	13	1	82	2	13	3	48	4	34	5	96	6	67	7	22
	0	21	1	29	2	6	3	17	4	27	5	57	6	10	7	69
	0	4	1	56	2	55	3	31	4	46	5	68	6	20	7	51
	0	66	1	93	2	17	3	75	4	85	5	97	6	49	7	69
	0	54	1	57	2	96	3	78	4	1	5	19	6	21	7	95
	0	1	1	93	2	2	3	67	4	69	5	65	6	90	7	20
	0	81	1	33	2	93	3	12	4	23	5	76	6	84	7	8
	0	56	1	39	2	31	3	82	4	16	5	49	6	59	7	42
	0	28	1	56	2	29	3	86	4	61	5	92	6	48	7	74
	0	87	1	64	2	100	3	32	4	87	5	68	6	9	7	78
	0	63	1	24	2	12	3	73	4	87	5	47	6	77	7	98
	0	73	1	30	2	31	3	56	4	68	5	61	6	16	7	98
	0	77	1	59	2	76	3	75	4	2	5	45	6	63	7	13
	0	20	1	21	2	68	3	17	4	72	5	94	6	83	7	96
	0	88	1	8	2	79	3	16	4	28	5	12	6	18	7	74
	0	57	1	47	2	82	3	2	4	34	5	59	6	36	7	91
	0	39	1	44	2	4	3	48	4	16	5	4	6	82	7	64
	0	39	1	42	2	69	3	24	4	15	5	72	6	27	7	28
	0	98	1	63	2	59	3	45	4	38	5	98	6	20	7	89
	0	47	1	66	2	51	3	21	4	2	5	74	6	34	7	75
	0	57	1	88	2	77	3	8	4	93	5	98	6	21	7	81
	0	86	1	4	2	71	3	56	4	7	5	30	6	58	7	26
	0	34	1	67	2	17	3	62	4	5	5	33	6	99	7	97
	0	86	1	65	2	1	3	18	4	65	5	32	6	26	7	1
	0	71	1	70	2	62	3	59	4	24	5	56	6	95	7	17
	0	2	1	86	2	38	3	18	4	37	5	95	6	90	7	44
	0	35	1	97	2	20	3	72	4	22	5	45	6	72	7	49
	0	14	1	24	2	1	3	94	4	11	5	61	6	28	7	23
	0	21	1	69	2	24	3	3	4	100	5	5	6	20	7	25
	0	27	1	65	2	36	3	11	4	98	5	96	6	40	7	34
	0	44	1	32	2	33	3	76	4	79	5	63	6	54	7	1
	0	71	1	20	2	14	3	54	4	33	5	91	6	54	7	95
	0	48	1	61	2	29	3	43	4	10	5	73	6	12	7	58
	0	1	1	21	2	31	3	38	4	78	5	61	6	23	7	51
	0	99	1	51	2	21	3	79	4	67	5	14	6	60	7	4
	0	98	1	31	2	7	3	1	4	20	5	49	6	22	7	69
SSD
M0
23	13	21	11	19	28	19	16	23	16	30	2	26	9	27	23	21	15	11	23	21	13	3	6	18	17	16	15	23	18	23	13	33	16	15	11	20	34	12	6	18	28	23	6	31	21	25	18	8	11	
25	26	27	15	4	24	12	5	35	32	27	27	21	19	31	34	26	24	23	21	22	20	14	14	25	26	24	11	13	24	22	25	25	4	9	18	25	27	3	18	9	31	27	26	13	19	19	16	29	17	
9	2	14	2	4	27	19	15	9	12	26	14	4	8	22	17	17	8	10	19	9	19	20	7	19	11	7	14	19	16	16	3	29	28	9	10	16	38	17	5	17	16	14	13	5	12	37	14	17	10	
2	25	2	19	25	19	7	21	10	19	22	20	16	20	30	27	19	29	22	15	2	7	21	23	29	34	1	19	8	16	4	24	26	34	2	22	4	35	28	17	29	21	2	1	37	32	33	21	17	22	
9	4	7	9	13	29	20	17	13	28	12	5	22	10	29	17	28	36	12	5	21	26	15	11	5	26	19	9	15	8	10	1	16	19	21	12	15	30	15	7	11	29	13	5	19	3	23	24	3	12	
24	15	24	12	5	14	20	7	14	19	22	3	8	25	4	20	31	21	27	26	17	15	16	23	24	18	17	12	26	11	25	1	23	12	7	23	23	7	13	22	34	25	24	8	16	27	6	21	17	12	
15	10	3	13	20	29	1	11	28	28	1	22	21	16	22	4	16	28	18	11	21	13	12	8	25	23	24	15	7	2	12	20	13	22	25	8	15	35	25	13	24	16	4	21	15	28	21	6	16	18	
16	21	31	21	7	3	36	19	27	25	26	24	29	16	10	32	24	3	20	19	30	3	20	16	13	5	32	23	4	19	20	22	4	26	31	16	23	32	27	15	27	23	33	11	10	30	6	14	8	20	
5	2	6	8	6	13	25	10	23	27	3	15	24	9	15	16	19	29	11	4	3	12	14	5	2	23	19	8	14	7	1	13	15	29	20	11	18	37	18	6	18	12	2	19	29	21	5	9	7	11	
10	16	10	10	5	24	27	6	25	23	13	17	16	11	17	14	11	12	13	6	4	12	7	3	20	18	17	3	6	3	7	15	17	31	9	3	10	27	20	8	19	16	22	21	25	23	24	1	23	12	
25	21	15	16	24	8	26	25	36	18	6	22	24	11	26	22	30	31	5	21	13	10	13	22	35	6	13	22	23	22	26	30	17	32	21	21	11	19	19	23	32	35	28	27	4	33	25	20	17	28	
15	6	15	3	25	32	11	19	23	19	33	30	28	31	33	15	30	29	28	26	15	20	15	23	19	38	8	23	18	14	16	35	30	8	15	23	17	26	4	28	27	20	15	2	25	19	26	21	30	19	
15	12	28	21	23	22	25	3	7	17	24	28	30	20	2	4	29	17	24	17	13	7	25	16	3	24	16	21	23	20	25	16	23	18	10	21	8	3	9	19	20	34	21	22	16	7	2	19	27	18	
22	8	22	10	20	20	19	1	24	23	22	16	2	10	27	10	21	20	8	20	22	20	20	6	30	3	21	13	8	19	10	14	3	2	12	5	14	42	6	7	11	30	15	21	1	22	6	15	25	10	
13	19	13	13	8	15	30	9	4	2	16	20	19	14	18	17	14	4	16	9	7	4	10	6	16	15	20	6	9	6	10	9	20	3	12	6	6	9	7	11	22	19	15	7	1	10	19	4	20	15	
15	20	15	15	10	10	19	11	30	4	18	22	5	16	18	19	13	9	18	11	8	17	12	8	25	20	10	8	11	7	12	19	17	34	14	8	15	32	20	13	24	21	16	22	9	28	9	6	27	9	
11	6	23	11	14	9	28	7	22	13	12	18	1	12	29	4	12	24	14	7	15	13	8	4	18	19	7	11	7	10	4	2	8	32	17	4	11	22	21	9	7	17	17	22	26	24	20	2	10	14	
21	27	29	17	26	21	4	12	29	26	19	28	27	13	38	10	22	31	18	17	29	23	18	14	31	29	16	21	17	7	18	4	17	42	16	14	21	30	31	19	11	27	28	20	20	19	11	12	34	24	
13	19	15	13	10	10	14	9	12	4	15	20	18	10	22	4	13	1	1	9	7	6	10	1	23	21	22	8	9	8	10	18	20	34	14	6	6	32	19	11	22	19	25	24	28	26	17	4	26	16	
3	9	15	3	14	23	20	11	18	22	6	10	29	4	23	31	28	30	6	23	15	20	9	20	13	20	14	3	9	2	17	8	10	24	15	6	15	35	13	1	13	23	15	14	28	16	17	18	16	6	
11	17	10	11	16	16	8	7	24	17	14	18	17	12	28	20	12	26	14	7	22	3	8	4	5	1	9	11	7	10	8	16	18	32	11	4	11	31	21	9	20	12	23	22	26	24	18	2	8	11	
22	27	22	22	17	4	13	18	13	11	25	29	21	21	12	8	23	24	25	18	16	17	19	15	32	30	23	6	18	15	19	16	16	16	7	7	22	34	20	20	31	6	6	28	5	12	15	13	30	24	
6	12	18	6	17	1	23	1	21	25	9	13	21	7	25	24	16	20	9	2	18	17	12	6	16	22	3	6	11	5	12	11	13	27	9	8	5	21	16	4	16	21	18	17	27	19	6	6	19	9	
19	14	15	19	22	12	33	9	23	21	9	26	9	20	35	12	4	28	22	15	23	21	16	3	26	27	15	19	15	18	12	10	16	30	25	12	4	25	23	17	15	3	25	7	30	12	28	10	12	22	
11	11	22	10	16	14	18	7	13	18	12	1	6	1	19	9	1	20	14	7	19	13	8	4	21	19	8	11	7	10	8	4	9	13	6	4	11	27	11	9	12	17	3	9	26	24	25	2	10	14	
15	19	27	15	24	28	24	17	30	18	18	7	23	12	35	16	18	30	18	11	9	23	3	14	25	12	11	15	17	14	18	20	22	21	25	11	21	30	17	13	25	27	27	9	36	21	25	12	14	18	
5	11	26	14	16	22	23	3	14	26	17	12	13	6	11	32	24	2	8	10	26	22	20	16	24	22	25	9	19	13	20	10	6	10	10	8	14	32	15	3	4	29	26	2	25	3	24	14	14	8	
5	15	11	6	2	28	23	10	24	3	17	16	20	3	21	9	15	16	12	10	8	12	11	7	24	20	13	7	3	7	3	14	2	11	13	7	11	20	19	7	19	20	18	17	28	11	28	5	4	12	
8	27	38	26	22	28	13	9	32	32	29	17	31	18	32	34	26	1	35	36	21	28	27	11	38	10	31	36	23	28	34	28	19	4	38	20	40	13	2	30	24	18	36	25	35	2	6	32	13	5	
18	24	12	18	23	26	14	7	33	29	1	25	4	19	33	27	19	20	21	14	21	1	9	11	7	2	25	6	14	13	15	23	19	37	30	11	18	8	16	16	22	8	24	3	33	12	19	9	15	21	
19	19	21	9	7	22	24	15	27	26	13	20	14	20	24	17	9	34	22	15	16	21	16	3	29	20	20	19	15	15	8	15	21	28	21	12	19	31	20	17	3	25	11	20	31	20	33	10	5	22	
19	8	34	22	10	23	35	35	42	28	8	37	38	28	43	21	33	29	25	33	29	8	11	32	33	3	8	5	28	32	27	33	27	30	34	14	30	21	15	32	17	9	19	33	17	6	2	30	29	33	
15	13	25	13	18	9	30	11	22	20	10	13	17	8	35	20	12	30	10	11	20	14	3	8	1	22	1	5	4	14	12	12	22	27	13	8	8	27	17	5	13	5	25	21	30	19	7	6	10	10	
5	4	17	5	7	18	22	13	20	22	8	8	10	6	12	13	5	15	8	1	17	22	11	13	2	12	2	5	3	4	8	10	12	22	17	8	17	30	7	3	15	25	17	4	26	18	18	11	18	8	
25	25	19	23	20	31	31	21	20	14	28	14	27	11	3	15	26	20	2	21	19	20	8	7	25	23	28	18	21	15	22	24	32	19	24	2	8	15	23	17	11	13	19	22	17	13	8	16	11	22	
8	2	19	7	22	14	6	20	18	26	17	26	14	16	30	17	9	15	3	18	19	2	21	17	4	18	7	22	20	16	17	2	14	40	19	17	14	2	7	20	15	30	2	18	30	22	6	15	18	6	
25	26	37	25	11	29	1	22	9	33	26	32	21	26	28	24	16	37	16	21	23	11	26	10	2	39	16	18	11	24	13	22	13	6	35	24	21	31	17	23	13	37	5	20	42	36	7	22	12	19	
10	18	15	14	10	17	31	8	10	4	8	19	3	13	17	19	13	1	15	11	9	17	12	8	8	23	22	8	9	8	12	12	22	14	14	8	15	32	22	10	22	21	26	25	30	2	15	6	9	15	
14	20	18	13	8	28	18	10	26	7	17	21	20	7	9	22	15	16	17	10	6	16	11	4	5	6	24	11	10	11	4	4	21	6	13	7	14	31	16	12	23	20	14	24	23	27	28	5	1	17	
28	6	26	16	11	20	24	8	15	30	23	7	32	1	34	28	36	27	3	25	28	27	20	26	32	17	21	7	23	10	24	5	28	21	14	3	12	33	10	5	10	33	24	15	25	13	30	32	18	3	
20	3	13	15	15	8	5	12	3	31	24	6	36	5	17	11	36	9	7	29	27	11	24	15	31	21	17	11	22	14	17	9	11	20	18	7	16	6	14	2	5	30	15	14	29	17	8	26	22	2	
10	7	34	27	7	24	20	23	38	29	18	28	17	17	44	20	12	15	24	23	31	10	12	17	28	30	3	27	23	20	20	18	23	20	33	11	25	38	6	25	23	13	16	27	42	10	36	18	26	10	
10	9	28	16	21	30	33	11	24	22	19	19	6	1	7	25	17	24	19	12	27	4	11	5	9	24	27	16	12	15	13	10	23	23	28	9	16	29	5	14	14	22	28	27	21	29	30	7	29	17	
22	4	6	10	25	21	27	20	30	26	18	31	14	14	31	17	9	14	17	20	22	18	21	17	31	32	13	13	13	23	17	15	1	35	10	17	1	12	16	22	20	30	22	10	12	26	7	15	22	27	
25	14	14	26	22	24	35	5	37	22	3	18	16	27	31	19	11	11	21	22	19	5	23	19	33	26	18	26	19	25	19	15	23	20	32	19	24	35	19	24	12	1	31	11	8	13	23	17	25	25	
8	14	1	3	19	22	17	3	19	17	11	15	26	9	2	8	21	15	11	4	15	5	14	17	18	16	11	4	14	7	17	8	15	2	4	11	17	24	18	6	18	18	15	14	16	13	15	15	11	7	
6	16	8	10	15	24	9	6	25	23	13	17	16	11	30	10	11	25	13	6	22	12	7	3	20	14	21	10	6	9	7	6	17	31	22	3	10	3	20	8	19	9	19	4	25	13	14	1	11	13	
8	14	20	8	13	22	25	4	23	21	11	15	14	9	28	17	9	23	11	4	20	10	5	1	18	16	19	8	4	7	5	13	15	29	20	1	8	28	18	6	17	14	20	19	23	21	22	15	21	11	
8	18	11	23	23	21	16	9	27	35	35	19	2	13	30	15	29	16	15	31	11	11	8	2	38	27	1	12	18	22	35	17	29	33	26	5	14	34	22	10	22	3	33	27	35	17	5	35	30	15	
8	5	3	7	12	11	2	13	23	6	11	14	3	9	24	10	14	7	11	4	3	19	14	10	6	25	18	8	5	7	14	13	15	28	16	10	17	17	18	6	18	14	19	13	32	6	22	8	21	11	
M1
27	38	18	32	18	21	10	5	21	19	20	14	27	13	33	15	29	3	34	28	39	11	12	31	42	33	18	28	28	30	21	27	8	19	21	24	7	6	36	26	37	24	14	20	10	10	14	6	5	32	
23	28	14	34	1	33	28	1	14	26	16	13	27	32	20	31	30	23	12	24	22	35	31	27	38	29	10	13	31	22	16	17	26	37	17	20	32	26	16	17	34	27	10	21	27	28	17	29	39	12	
8	20	23	4	7	11	20	4	1	10	19	16	9	21	17	1	22	20	6	27	33	1	34	8	27	17	9	24	28	38	39	18	14	28	20	13	1	19	16	19	32	31	13	24	27	10	19	32	41	32	
36	39	27	16	6	43	39	17	49	30	32	35	24	18	2	5	40	20	11	40	35	9	29	36	23	40	17	39	36	43	15	39	13	22	33	26	38	13	17	32	1	17	8	8	7	34	40	40	27	27	
25	29	25	4	10	11	10	25	23	34	26	28	33	13	18	30	37	28	20	34	29	9	36	17	37	36	18	5	1	11	29	36	12	36	24	44	10	27	8	40	31	20	16	22	4	3	35	16	25	31	
36	4	31	27	15	41	32	18	31	38	4	30	44	49	35	33	9	12	1	33	39	44	19	34	38	4	16	30	45	31	31	19	4	29	34	29	23	31	29	7	16	33	18	31	40	17	22	1	47	29	
4	19	12	20	33	4	10	29	1	31	35	22	7	1	28	24	24	9	16	8	27	27	16	4	16	43	5	36	26	1	39	22	26	23	34	13	25	19	24	19	28	16	30	5	26	21	19	24	37	24	
11	24	18	23	2	24	16	12	21	24	4	17	18	20	23	19	35	15	19	12	34	23	19	15	26	17	2	25	32	42	33	40	14	31	5	8	20	14	34	14	22	16	36	9	15	16	30	27	36	27	
6	28	3	27	27	25	36	14	10	42	28	35	34	23	7	29	25	37	15	31	7	6	39	19	20	40	27	31	30	34	30	40	39	5	2	33	21	37	20	39	21	24	13	20	14	35	23	22	27	3	
8	20	38	14	7	35	17	19	24	48	34	1	14	36	22	6	31	39	23	40	37	21	28	25	39	27	32	17	33	9	7	40	18	19	3	33	8	15	33	39	1	26	37	31	20	28	19	42	24	32	
19	22	28	34	27	11	31	31	35	6	6	36	8	24	4	4	23	1	23	11	15	41	36	35	33	15	30	17	27	33	13	14	27	23	27	30	15	36	30	11	19	34	31	26	27	17	22	2	18	7	
37	25	7	25	38	16	11	39	29	6	18	36	14	21	26	31	15	37	34	44	38	38	11	15	23	8	9	34	32	38	8	39	32	7	4	41	15	32	27	44	36	44	11	39	33	30	27	35	25	29	
28	26	22	36	32	13	42	28	26	39	36	21	13	38	41	11	2	19	23	15	9	19	21	20	10	24	21	19	4	14	32	19	4	38	31	12	3	18	38	18	34	32	8	34	4	20	45	31	28	31	
21	39	24	3	29	31	10	19	19	14	26	41	45	6	44	23	9	6	43	39	34	20	35	19	37	44	1	41	33	34	30	42	18	33	35	33	8	32	7	35	44	40	15	21	21	41	44	21	37	7	
24	42	15	17	20	21	34	7	24	23	22	9	3	38	19	23	20	2	33	30	27	37	26	25	28	3	1	29	12	2	26	37	15	35	15	22	21	18	23	28	40	27	25	10	7	9	34	35	31	41	
2	5	20	45	15	45	23	19	16	19	30	25	32	37	29	27	15	23	10	23	40	16	31	26	44	39	28	5	21	31	34	6	32	30	28	16	20	22	32	22	2	13	28	24	14	20	9	14	31	12	
1	1	11	20	6	10	28	15	25	40	30	27	31	19	16	18	14	16	26	38	36	7	38	13	12	38	20	17	3	13	1	31	17	14	31	26	36	16	5	31	15	31	24	21	22	20	31	19	22	9	
13	33	14	20	11	20	17	3	32	4	18	31	1	1	5	27	13	10	33	1	7	13	33	19	26	31	7	14	13	23	38	10	16	10	19	22	2	28	7	16	34	8	24	18	20	18	8	7	14	24	
6	3	18	22	17	28	34	10	29	23	25	15	37	32	17	5	39	24	28	13	28	32	40	5	15	16	23	2	22	13	32	19	32	12	22	17	29	23	32	14	21	26	4	15	36	25	24	36	28	28	
17	2	26	15	16	22	43	16	27	5	31	13	6	46	35	17	1	34	27	13	22	26	42	13	30	33	25	28	25	5	31	1	8	4	32	27	15	33	2	14	4	27	17	19	11	9	23	7	37	21	
30	16	25	23	30	21	3	23	41	17	37	13	15	16	48	20	32	1	32	23	1	43	44	22	37	43	17	32	27	21	14	33	12	13	13	31	2	7	7	35	35	16	9	34	23	25	20	4	33	39	
4	9	12	41	20	39	34	7	29	42	22	17	14	38	29	16	31	15	15	9	22	22	35	6	18	29	20	18	7	6	34	35	13	22	8	8	20	14	1	14	13	18	6	27	21	16	26	27	19	27	
45	16	33	33	10	3	22	30	39	31	41	28	2	26	24	28	7	20	25	2	26	36	17	33	20	33	16	32	21	31	5	36	19	18	24	23	15	18	29	5	38	6	6	21	11	31	46	32	31	22	
36	39	40	29	4	17	36	45	33	24	43	9	5	10	1	5	22	32	41	18	29	39	8	29	30	37	14	22	24	33	45	2	24	25	34	30	23	36	3	18	5	15	4	31	24	24	12	13	20	33	
43	16	33	2	19	42	8	27	6	6	8	16	33	44	9	32	38	26	3	35	11	44	15	6	26	30	31	8	23	33	35	19	19	26	38	38	28	33	11	41	32	32	11	9	3	4	13	23	10	41	
31	27	40	21	31	48	5	21	23	36	6	6	24	32	1	12	40	26	33	40	25	38	38	16	6	36	28	3	27	36	40	39	22	3	12	33	26	39	36	17	11	27	28	18	33	27	40	38	29	17	
3	5	25	11	19	20	2	19	28	36	32	9	25	35	34	20	42	21	26	42	16	30	3	2	12	9	28	17	32	19	18	14	31	14	20	15	21	21	5	6	26	41	13	7	11	23	25	14	12	24	
27	3	27	32	7	35	27	17	6	34	22	18	14	39	3	7	16	2	28	30	24	44	38	14	18	30	20	24	3	12	31	29	20	18	33	29	27	22	32	33	5	3	6	33	22	3	33	23	5	22	
16	48	16	35	33	36	31	20	14	40	24	38	24	28	42	43	41	37	31	38	34	45	27	8	28	27	9	48	7	2	20	27	43	42	36	39	33	45	34	39	22	20	30	22	11	9	33	29	16	22	
18	12	16	39	6	5	34	15	24	14	24	25	36	20	34	27	4	23	27	32	10	3	13	13	31	38	11	10	23	29	14	39	32	19	10	16	24	22	20	22	28	25	22	1	8	1	18	20	14	11	
17	3	26	11	17	36	33	14	30	21	29	25	30	24	28	27	37	1	15	34	29	29	28	10	15	1	26	22	43	30	28	29	18	22	11	16	19	7	10	22	34	31	26	21	12	20	17	35	18	28	
10	19	10	33	32	34	20	19	41	34	6	14	6	23	9	16	3	12	16	33	20	1	42	15	20	18	4	28	22	5	23	18	21	3	5	5	1	3	10	11	27	34	1	14	4	13	8	24	43	22	
40	39	21	14	7	6	36	34	2	22	2	11	21	28	41	37	11	6	37	14	5	17	35	38	24	16	30	41	33	18	31	26	24	30	21	33	31	38	19	20	41	6	14	32	33	9	5	25	22	3	
3	5	18	25	19	38	21	11	32	18	13	10	29	33	6	19	27	15	19	34	40	23	41	14	16	38	24	31	48	16	34	8	3	1	27	8	20	14	34	11	43	26	10	6	37	16	35	27	36	5	
8	35	5	11	30	11	16	30	33	33	11	12	38	36	38	29	26	5	22	28	16	32	6	27	37	34	28	14	11	21	34	38	1	10	25	18	2	9	21	9	10	7	24	15	30	3	36	16	35	5	
34	24	6	37	23	41	39	12	37	35	25	5	17	43	39	7	34	3	7	24	39	11	33	6	25	26	25	19	36	38	22	42	12	22	28	31	8	2	22	2	38	25	24	32	28	4	37	15	34	15	
38	20	29	11	22	20	35	34	5	1	19	22	25	18	36	25	42	7	18	39	2	43	42	21	3	10	35	35	39	24	37	8	43	10	33	37	35	38	9	31	4	12	15	36	26	11	29	33	32	40	
10	10	2	36	4	29	7	10	33	18	25	22	37	31	16	9	4	15	27	1	9	27	25	17	43	32	23	13	34	44	12	33	35	11	26	29	14	1	32	10	21	29	19	30	12	36	2	30	5	21	
33	43	25	38	15	29	12	11	3	13	26	22	27	21	25	26	44	22	7	34	23	25	13	25	44	39	24	30	45	38	7	33	31	9	27	15	19	12	29	8	18	38	25	7	24	23	14	34	34	22	
14	32	14	18	31	41	39	20	22	9	33	13	20	26	13	15	35	10	15	31	3	19	12	14	33	4	33	17	16	23	23	5	20	17	35	4	16	10	27	10	23	24	32	20	2	12	23	9	40	23	
36	38	32	12	5	42	35	14	41	3	29	1	35	31	7	10	45	29	32	35	21	26	31	29	33	23	9	14	35	22	5	10	15	31	30	22	17	26	22	28	6	38	41	3	38	30	7	25	5	9	
27	31	13	33	30	25	16	18	25	12	32	12	24	18	26	14	35	6	14	3	41	18	31	13	32	3	8	22	3	13	6	7	19	23	18	3	3	9	29	9	31	31	31	19	22	11	28	22	11	22	
31	13	25	22	14	33	23	27	10	15	28	27	42	3	7	25	12	24	31	35	30	36	13	31	47	32	20	8	15	1	31	4	24	43	7	21	27	27	14	10	17	8	16	17	16	12	3	18	34	26	
42	24	4	2	2	32	1	26	14	42	33	19	4	21	17	21	19	17	21	28	15	20	40	20	29	33	17	33	23	28	36	30	23	36	42	10	6	16	14	16	49	6	27	38	23	18	31	27	41	29	
13	41	35	35	23	44	9	32	41	25	37	31	16	42	33	22	9	30	32	2	7	44	30	1	41	35	39	22	35	8	15	39	30	48	32	32	13	27	29	11	34	8	11	6	35	14	14	41	31	29	
38	25	40	20	32	26	26	19	18	11	3	16	15	20	32	16	14	39	35	11	39	22	42	9	30	27	32	32	16	22	11	18	34	46	14	35	4	35	21	17	30	9	1	37	27	22	13	7	37	32	
20	28	33	17	11	43	13	21	31	32	21	2	39	14	26	32	18	14	13	30	23	5	35	32	2	23	31	4	20	30	12	36	28	5	32	40	33	25	16	16	30	17	12	35	23	28	21	37	30	10	
45	11	17	46	25	41	25	23	16	16	36	14	28	29	31	18	23	14	7	19	46	22	21	12	21	26	34	26	29	10	30	24	23	30	31	7	1	13	33	10	10	11	34	9	39	15	2	26	38	24	
26	37	17	12	10	10	31	25	7	22	6	25	29	44	23	27	27	23	27	34	20	31	45	26	42	34	12	38	10	20	11	22	32	42	29	16	22	2	26	22	2	29	11	39	1	13	30	35	13	35	
25	32	32	27	8	3	2	3	15	8	18	31	23	13	32	6	38	26	27	24	36	3	25	12	1	6	14	15	38	31	31	37	9	39	19	22	28	4	13	28	7	21	16	9	9	29	11	35	18	19	
M2
15	18	1	19	16	18	21	2	38	17	24	19	30	12	22	13	17	17	32	21	21	16	33	7	6	1	21	14	15	31	11	22	1	22	32	30	28	12	17	8	25	17	22	2	3	25	27	24	23	28	
23	14	21	11	12	29	14	16	30	1	27	2	28	11	9	25	6	18	22	7	10	1	11	21	3	33	28	37	16	31	22	24	11	33	9	37	25	39	11	14	11	24	16	12	16	12	24	16	15	21	
14	15	19	6	10	11	17	13	4	12	18	22	7	12	2	7	11	11	21	8	16	10	20	22	19	7	21	3	19	24	5	17	12	6	2	1	27	22	9	15	12	27	3	10	17	11	7	16	16	19	
5	18	1	9	6	8	12	19	13	7	13	18	8	8	11	17	7	7	21	11	2	6	23	24	13	3	11	4	12	21	1	20	11	19	26	9	20	2	7	14	10	7	20	8	9	25	5	19	23	16	
1	5	14	3	11	7	21	1	22	4	17	12	20	12	1	9	11	16	7	17	20	9	21	19	7	14	22	19	6	23	13	14	14	14	19	5	28	24	10	21	11	1	26	5	16	6	17	13	12	2	
7	23	12	10	8	14	25	9	31	11	14	27	27	8	13	18	19	3	10	25	22	20	13	18	10	20	11	23	13	4	21	1	20	19	14	4	22	21	18	22	19	8	19	3	7	24	29	20	11	10	
11	5	24	5	10	9	17	14	30	6	24	12	21	19	8	13	1	16	18	5	20	11	17	4	2	24	1	20	8	29	12	16	9	26	19	29	24	18	12	12	9	3	14	7	7	21	23	15	17	14	
24	12	35	1	12	17	6	29	23	4	24	19	14	6	6	21	16	5	26	20	25	15	14	19	5	15	14	26	20	21	10	18	20	22	6	37	27	36	18	22	24	21	29	25	22	29	22	23	20	27	
25	22	31	22	19	26	17	20	13	26	21	14	23	5	28	10	4	12	29	27	15	4	25	17	25	21	22	5	25	10	21	24	20	15	33	21	10	25	27	14	22	23	36	22	2	6	23	3	1	26	
4	2	10	8	19	12	13	7	37	6	10	5	5	18	11	16	13	14	21	14	17	8	17	23	10	17	10	3	11	26	16	19	17	13	9	18	9	1	6	21	18	6	23	8	19	16	16	1	22	17	
14	24	25	18	12	4	24	22	36	7	23	8	19	19	7	12	7	26	31	30	9	17	25	28	15	15	20	13	21	29	24	22	3	28	28	28	29	11	16	6	25	16	17	18	29	9	23	28	21	27	
4	18	9	20	18	10	20	8	21	18	23	25	9	19	23	12	11	27	33	20	31	24	32	23	5	2	22	8	9	29	21	23	17	5	31	26	27	13	18	22	19	18	28	18	19	20	26	8	20	10	
5	12	18	1	19	13	2	16	18	7	4	1	26	24	12	17	14	17	22	24	26	18	16	17	13	18	7	4	12	33	17	2	18	19	23	26	20	2	7	23	19	7	5	9	20	9	17	19	10	10	
7	19	20	11	2	28	21	17	33	25	11	26	16	14	31	7	20	36	10	31	1	15	33	26	22	18	21	17	12	1	30	23	17	25	15	24	40	22	8	27	35	27	20	21	22	19	26	19	13	33	
33	20	19	2	35	25	7	35	16	23	19	27	39	19	28	33	22	22	38	32	16	26	17	19	24	22	38	32	8	9	32	2	11	33	27	32	33	30	23	38	27	23	38	27	14	36	3	24	1	26	
9	6	15	16	23	20	17	4	20	12	5	13	13	1	19	2	17	24	29	18	21	12	22	28	9	5	18	11	19	25	24	25	4	26	20	11	27	9	14	24	22	14	27	16	24	23	24	26	26	25	
6	5	1	9	12	18	8	16	34	1	26	1	4	20	19	31	12	4	32	17	1	10	21	20	13	19	31	20	26	11	14	3	16	2	19	19	12	22	4	1	12	23	26	15	19	17	3	26	13	3	
19	9	32	11	22	9	24	30	41	1	5	16	10	24	23	25	20	30	36	21	3	15	18	24	9	17	25	18	22	32	24	26	21	25	23	15	31	16	1	2	22	21	16	8	30	23	30	12	22	13	
16	24	13	14	10	12	17	30	3	8	19	23	31	12	16	22	3	11	21	33	27	10	20	18	18	13	28	21	1	4	5	25	15	27	38	13	27	19	4	21	12	12	42	16	14	26	26	18	30	23	
21	5	31	14	3	23	20	7	35	5	30	12	22	21	19	33	2	9	29	17	20	11	10	12	9	29	20	29	9	36	16	24	2	24	13	28	25	32	5	5	2	34	7	3	7	22	30	15	22	12	
12	9	25	13	7	17	7	11	30	5	27	16	3	23	16	16	6	13	20	2	21	15	14	13	13	25	18	4	13	21	20	24	6	23	17	4	3	9	9	9	6	11	11	7	11	25	24	16	8	11	
11	2	14	15	1	19	18	23	9	8	12	9	19	18	16	23	13	23	28	14	17	2	18	26	10	24	12	5	11	14	20	22	11	21	16	9	10	8	13	21	18	13	23	6	15	19	17	23	7	9	
13	10	12	17	15	17	9	14	25	12	24	17	26	17	20	25	12	11	2	22	25	15	22	32	18	23	19	12	20	15	10	28	16	3	11	3	15	10	15	26	21	15	1	10	22	27	25	27	7	26	
30	4	30	7	16	11	23	3	15	5	25	11	24	11	10	15	15	17	20	16	19	4	20	30	11	12	29	18	10	28	11	1	17	25	7	2	10	27	15	23	20	5	22	9	11	21	26	17	23	13	
8	10	21	17	8	17	3	12	20	10	12	17	19	16	6	12	5	14	33	3	25	15	15	17	14	21	23	22	14	25	10	13	7	22	18	26	10	24	10	5	7	25	12	8	12	24	9	6	10	10	
21	1	15	6	11	10	20	20	6	7	9	8	23	17	9	10	11	19	19	13	16	7	17	19	9	21	25	10	9	30	13	15	1	14	15	18	12	18	14	5	11	4	22	8	13	16	25	16	12	2	
5	29	5	9	22	2	15	12	15	7	28	7	18	2	10	17	23	17	22	27	24	14	9	7	13	4	11	4	7	21	17	16	18	19	39	17	20	2	5	25	27	7	27	9	13	25	17	5	24	18	
26	18	26	26	16	19	33	8	3	1	22	25	18	18	19	11	13	22	25	11	19	24	23	16	22	2	26	28	22	14	29	25	10	33	14	17	31	26	18	18	15	26	20	7	20	10	9	1	13	25	
15	18	28	19	8	10	15	29	33	10	17	4	5	10	22	27	9	9	1	30	18	8	24	18	23	16	12	14	20	23	3	13	13	13	28	29	25	12	11	4	1	17	9	19	15	35	24	25	27	28	
4	28	17	4	21	1	14	18	37	6	6	17	25	11	11	16	22	16	21	26	23	16	17	16	12	17	10	3	11	16	16	17	17	3	13	10	19	1	6	2	17	6	4	8	19	1	11	18	18	14	
21	15	34	24	1	3	8	30	36	3	10	22	29	3	28	33	2	2	36	27	22	1	31	40	23	9	39	12	13	16	42	28	6	23	29	32	24	34	4	12	31	23	35	18	8	32	17	31	35	32	
16	11	8	14	9	22	24	13	28	11	34	3	28	13	24	29	8	15	7	4	7	17	16	18	12	29	23	11	15	22	22	30	7	26	9	33	8	14	11	11	8	19	7	9	13	20	26	21	28	18	
18	27	1	20	10	16	10	11	41	11	2	21	24	22	22	15	22	31	21	22	13	7	23	28	27	14	20	18	4	43	29	22	18	33	18	1	27	16	21	21	8	21	22	23	2	4	31	4	34	32	
22	19	28	16	32	31	4	16	30	5	18	13	26	14	12	7	30	36	26	31	34	5	35	2	22	18	15	24	27	21	30	6	17	39	33	24	30	22	23	19	35	25	16	29	11	24	28	5	3	28	
1	25	14	20	2	19	32	15	9	21	24	32	12	20	23	13	19	7	33	32	17	11	29	20	19	4	20	22	16	33	24	30	14	29	38	13	28	20	25	21	26	18	7	15	14	10	3	4	27	17	
7	26	6	11	19	15	17	4	19	9	28	28	26	23	7	17	22	19	24	29	36	10	20	26	15	1	7	6	14	19	16	22	20	3	10	19	9	4	9	9	16	9	29	11	2	16	19	13	21	20	
17	14	14	21	12	18	1	16	12	14	13	10	19	20	8	29	11	13	34	7	29	19	17	20	18	27	23	8	11	1	14	16	11	15	22	19	29	14	14	14	11	19	16	12	1	17	24	10	13	3	
2	26	15	6	19	10	12	16	35	4	25	23	23	21	9	14	20	14	19	24	32	19	27	21	10	15	8	1	9	30	14	17	15	16	36	30	17	26	4	22	24	4	24	6	17	22	14	16	23	15	
7	15	18	11	10	8	17	5	33	9	9	15	26	18	14	19	10	10	24	21	27	17	31	11	15	1	10	6	14	22	12	14	20	13	12	17	4	4	9	16	10	9	14	3	15	15	15	21	11	1	
4	28	5	8	21	12	10	18	37	3	27	6	25	23	9	16	21	16	20	22	16	11	29	23	12	17	10	3	7	14	16	19	17	7	5	32	19	1	5	24	6	6	21	8	19	24	16	18	3	17	
21	4	22	20	21	9	1	25	13	10	30	11	37	15	18	21	15	22	31	16	19	10	3	30	12	29	7	23	15	21	16	10	20	35	18	8	6	33	20	23	19	28	25	20	24	17	29	18	6	23	
24	21	27	1	19	5	20	19	30	2	20	18	18	16	4	9	19	14	14	20	33	26	22	27	5	20	24	26	4	25	21	12	19	22	31	25	27	24	9	22	19	26	29	3	17	17	20	11	18	10	
4	11	17	8	17	12	5	8	27	6	3	18	25	19	11	16	16	16	21	12	25	17	24	23	6	17	10	3	11	22	12	19	4	18	9	32	4	1	6	19	16	6	21	8	15	24	16	18	22	17	
30	32	33	19	12	19	25	34	34	21	34	11	38	27	25	34	26	25	22	25	1	18	22	29	10	17	19	29	26	38	20	12	29	20	27	8	20	39	28	27	19	26	15	30	32	3	25	12	4	29	
20	11	13	5	7	9	14	20	13	9	16	18	20	9	12	10	8	3	32	16	23	7	27	24	18	15	34	18	19	22	2	12	12	19	25	23	19	25	10	18	16	23	20	19	14	21	23	32	17	7	
25	26	36	2	29	20	17	32	35	17	35	33	33	13	19	24	29	29	13	35	8	1	5	41	20	15	2	24	19	37	24	8	34	26	34	14	24	22	24	31	2	14	35	18	32	22	35	7	28	25	
2	22	15	17	5	18	19	16	25	21	1	22	33	24	16	17	19	14	17	15	23	26	20	21	11	15	27	15	9	16	25	17	15	27	21	6	1	19	14	6	19	24	24	12	14	11	19	15	2	15	
20	12	33	11	10	7	23	14	10	12	7	19	27	14	14	19	7	16	15	5	24	16	14	19	15	24	27	22	14	24	11	18	9	17	20	4	31	31	1	12	5	9	6	10	1	19	30	13	15	5	
16	18	29	3	13	7	10	21	17	4	11	20	20	18	6	11	13	16	16	16	16	20	24	13	7	22	26	21	3	22	15	14	20	16	11	20	29	21	11	21	13	1	16	5	9	14	10	4	14	4	
23	7	22	23	2	8	16	28	29	11	18	14	18	10	11	23	2	10	30	19	22	9	23	10	15	17	23	10	21	24	4	6	14	5	14	9	19	20	12	20	2	25	28	5	16	7	25	28	3	28	
M3
25	31	27	26	42	17	5	21	29	27	31	33	2	33	26	15	30	31	32	24	18	17	38	16	12	7	22	20	30	25	20	10	25	19	19	28	13	30	6	21	19	22	13	25	28	12	10	23	20	28	
14	21	21	36	23	25	26	2	2	18	25	1	13	25	24	19	14	8	18	18	21	19	36	33	31	7	4	22	35	20	8	6	32	21	9	7	24	21	10	3	22	26	18	11	17	21	18	18	23	12	
25	31	27	28	40	17	5	21	36	13	19	19	19	24	26	13	25	7	19	11	14	24	23	16	19	18	5	25	1	10	25	17	23	5	19	31	20	29	21	13	31	10	25	22	30	18	8	10	22	28	
7	12	18	29	20	16	4	20	18	13	19	8	21	31	13	17	7	9	30	11	14	5	27	15	6	17	7	1	23	14	18	11	24	17	18	24	15	14	5	20	17	21	11	23	10	2	17	5	18	5	
8	15	15	23	2	6	29	26	19	12	7	4	19	37	16	20	24	5	25	32	24	13	24	21	30	33	18	11	21	20	10	27	15	29	3	25	25	1	33	2	22	22	23	7	21	15	28	19	19	38	
11	32	22	3	30	27	23	26	22	21	27	28	25	28	37	21	11	13	24	15	22	1	34	23	33	15	16	16	18	18	22	32	24	21	25	28	21	18	35	5	20	10	15	13	14	9	2	19	22	9	
11	17	13	24	28	3	30	7	26	14	17	19	28	27	12	26	16	21	27	32	21	15	37	2	5	4	20	18	23	25	11	3	11	17	5	23	6	34	41	7	17	8	11	23	16	17	4	21	18	26	
8	19	5	22	29	25	13	24	17	7	7	6	22	7	23	7	8	1	14	3	8	18	23	24	27	24	22	20	10	4	20	20	28	19	22	26	17	6	12	22	19	23	13	25	12	31	24	2	6	7	
28	3	18	37	1	20	8	24	29	22	25	27	22	28	27	29	19	32	2	19	23	32	19	18	22	4	26	2	24	26	28	20	28	4	22	27	23	10	28	24	21	24	28	31	24	1	13	22	35	32	
20	10	15	18	15	24	33	32	34	18	28	30	16	12	18	20	18	25	15	1	22	19	4	2	32	36	20	22	30	20	5	24	7	5	9	5	3	20	18	24	11	6	29	30	28	15	44	16	25	23	
8	28	19	4	27	18	18	21	19	9	2	16	1	28	22	9	8	10	15	7	10	17	10	10	32	26	21	4	26	6	13	29	27	18	16	6	18	15	6	13	3	25	12	24	11	8	23	11	19	6	
18	27	27	23	38	25	16	29	11	24	20	4	26	41	37	22	22	2	24	17	3	10	29	19	10	19	14	12	16	25	4	22	23	11	15	20	7	3	6	14	11	21	5	17	14	21	20	15	2	20	
29	21	18	20	40	25	21	26	30	1	11	20	8	4	20	13	25	16	21	28	14	19	41	32	31	29	23	21	27	10	11	30	32	11	9	29	6	29	31	23	20	26	14	11	15	12	4	24	21	29	
28	33	5	28	26	29	29	30	31	20	33	27	27	16	36	20	31	22	32	35	21	17	19	15	32	34	28	12	26	17	26	2	21	3	21	24	1	31	33	4	25	2	19	19	26	2	19	25	26	34	
30	14	14	16	18	18	27	27	21	11	18	27	16	39	22	20	21	17	24	15	17	2	36	32	23	17	25	15	32	17	13	30	25	7	2	22	18	14	3	25	10	19	16	4	31	14	2	21	16	31	
1	36	15	32	13	18	27	29	30	28	28	9	26	10	19	24	19	26	14	17	19	19	33	2	41	27	12	21	16	25	21	31	35	20	24	29	32	33	1	23	20	24	14	14	19	8	12	24	16	29	
1	9	14	28	12	8	1	7	17	11	20	11	18	15	3	1	6	4	6	7	15	3	14	12	15	14	19	1	23	13	17	13	21	3	2	23	16	2	4	17	16	18	10	6	9	14	14	20	4	4	
26	14	28	28	12	18	6	22	15	13	32	20	25	40	27	13	25	16	16	21	14	30	16	17	2	19	30	31	20	10	26	3	26	32	20	2	11	2	6	13	23	23	26	26	13	32	15	5	33	37	
30	6	16	34	37	16	32	28	22	13	38	39	33	14	9	34	33	20	26	30	26	14	13	19	36	6	6	17	21	31	22	29	32	22	4	7	38	22	41	8	22	3	16	28	33	2	16	6	23	31	
31	21	31	17	38	10	27	24	33	17	15	24	13	15	33	17	18	20	11	22	18	3	33	25	24	32	17	24	13	14	21	34	22	23	19	13	19	28	32	22	7	16	17	1	6	23	24	27	13	29	
3	17	17	29	29	13	1	17	24	14	9	24	23	26	22	22	12	15	27	2	21	15	28	12	15	4	20	18	6	20	2	13	8	8	5	26	16	3	26	9	17	16	11	11	16	17	14	21	16	11	
14	7	9	10	36	2	28	8	27	26	5	21	28	18	22	22	16	18	39	20	27	25	8	1	27	1	4	27	16	23	26	37	32	19	20	27	26	23	27	26	26	9	20	16	19	15	33	30	27	14	
9	30	17	31	5	28	16	24	20	16	29	17	27	30	32	16	9	11	32	13	17	18	16	4	30	29	22	20	9	13	15	28	1	19	23	26	19	16	29	22	19	4	13	15	12	35	5	23	20	7	
9	16	4	15	21	9	10	10	11	19	21	18	17	24	29	19	2	11	28	13	20	4	18	5	16	23	2	20	24	16	20	22	30	19	23	13	17	3	31	22	1	27	13	15	7	17	18	17	20	7	
21	38	35	36	33	18	31	32	32	21	10	28	11	30	1	3	22	24	13	11	22	20	36	22	14	18	28	26	33	18	26	19	17	8	29	27	29	31	8	5	15	27	19	30	21	22	7	14	26	34	
16	10	3	39	39	43	31	34	28	12	6	30	46	4	4	24	11	21	36	23	25	6	17	9	11	39	32	30	35	21	30	37	33	26	33	10	25	26	29	32	25	17	23	35	11	11	33	33	30	17	
36	14	28	35	43	31	41	10	43	18	19	20	6	4	24	28	11	37	34	20	38	2	24	29	28	35	21	42	2	34	7	23	6	12	32	38	35	9	20	40	30	10	38	23	29	38	35	19	31	40	
19	28	31	18	34	25	17	22	10	30	6	8	3	34	8	16	21	23	43	6	4	20	24	28	30	20	11	32	5	28	18	29	24	21	21	11	11	19	25	18	10	32	25	26	24	33	16	16	20	19	
18	29	29	23	41	19	24	6	36	21	10	2	2	24	37	21	22	24	29	24	22	19	6	35	38	17	28	27	1	18	9	33	26	13	17	23	21	24	4	22	25	20	20	5	36	27	17	12	17	31	
17	28	23	16	28	27	15	31	24	1	23	8	37	28	17	1	13	4	32	16	2	26	42	20	29	18	18	25	20	14	16	27	22	22	16	40	11	17	19	23	31	17	25	25	30	25	28	15	30	25	
19	8	2	27	13	17	31	19	30	16	21	6	26	24	14	21	19	1	35	23	22	2	21	25	12	1	4	6	28	18	22	35	37	19	28	18	9	20	2	27	24	4	18	30	22	9	28	28	10	17	
20	29	25	16	37	3	3	13	6	22	26	24	1	16	19	13	28	21	33	19	5	5	30	14	17	14	32	4	23	19	3	15	23	13	17	32	18	20	21	6	29	20	23	28	28	18	15	27	30	28	
12	16	2	9	31	24	13	27	23	4	8	11	20	31	20	4	8	7	35	16	5	18	10	7	27	5	21	23	23	1	19	15	2	22	19	22	14	19	22	25	22	20	16	28	15	28	22	18	9	10	
4	9	22	19	29	15	12	6	27	4	26	11	21	11	20	4	7	7	8	19	5	14	16	23	23	21	7	28	4	1	19	24	23	24	19	5	14	20	9	17	34	20	28	25	19	23	25	1	29	28	
20	4	4	26	26	20	20	36	17	1	26	29	21	32	14	22	28	8	14	28	18	2	46	31	34	24	29	5	27	19	27	32	27	26	30	33	32	28	37	18	26	11	20	32	21	4	32	30	27	35	
26	19	19	25	4	24	14	28	32	8	29	39	7	8	29	21	13	5	22	30	32	17	25	7	20	27	34	18	37	33	32	26	34	31	7	40	16	2	19	30	23	26	25	37	26	19	3	9	30	24	
13	34	13	25	13	18	8	14	24	20	18	16	16	23	2	13	13	15	36	17	21	22	35	19	13	21	26	24	13	17	16	20	24	23	22	13	16	12	17	24	23	19	17	4	16	11	21	27	16	11	
19	17	17	29	31	4	31	32	16	14	39	19	5	28	27	1	13	10	7	32	18	15	10	2	45	26	30	18	34	14	32	25	20	36	5	39	8	4	19	31	3	24	30	32	28	17	30	24	34	41	
4	23	23	19	30	16	23	9	17	16	8	2	14	39	32	16	7	11	13	22	11	6	10	23	27	27	10	8	18	13	8	18	23	7	11	16	2	10	25	10	5	17	1	2	1	23	1	11	8	16	
26	20	20	16	42	22	10	26	9	17	32	24	25	17	30	17	18	18	17	21	11	12	38	17	10	13	34	21	17	14	25	22	30	31	8	9	20	21	35	14	32	7	26	34	29	14	23	10	24	24	
22	23	23	35	14	3	19	33	9	7	24	10	17	31	24	4	27	24	33	25	15	21	23	23	30	11	31	3	17	23	29	31	17	31	11	25	1	15	11	30	30	4	26	10	31	23	20	12	22	26	
8	21	21	23	12	2	23	1	26	9	3	16	23	15	25	7	15	10	20	19	10	19	29	26	16	26	26	7	7	6	24	29	30	24	9	24	19	22	25	26	24	11	18	24	18	3	33	15	25	13	
14	19	19	15	30	23	20	29	13	16	19	29	21	35	29	23	14	16	16	18	7	2	36	31	31	23	6	4	14	20	4	14	27	3	7	12	24	20	27	6	3	13	18	9	17	19	12	7	4	12	
21	26	26	20	32	3	15	12	21	5	3	12	1	32	21	5	6	8	24	14	6	10	21	24	29	20	14	12	20	2	9	22	10	11	14	7	7	21	23	14	11	4	5	17	25	11	20	15	1	20	
19	29	29	13	40	14	33	25	35	26	20	30	12	11	34	29	30	15	12	33	20	24	6	5	15	8	15	10	12	37	25	36	40	21	17	34	29	35	23	23	25	35	19	31	33	29	5	16	26	28	
12	15	32	33	23	25	16	25	31	12	2	21	12	33	9	13	17	26	9	17	3	17	14	27	25	19	24	22	3	26	15	13	15	21	20	23	22	18	23	24	21	28	15	13	27	5	29	25	22	22	
23	21	4	8	10	1	35	27	17	18	13	21	23	30	28	31	23	3	31	27	26	19	5	31	24	23	3	5	13	28	22	10	21	6	9	32	23	16	33	26	19	28	17	29	4	21	11	12	8	21	
29	22	30	1	40	2	27	2	22	13	35	3	37	19	29	13	2	16	39	9	14	28	20	32	41	30	1	24	19	10	28	17	27	34	18	36	18	29	7	35	34	2	36	36	16	25	33	21	15	30	
29	42	28	18	41	27	34	36	10	28	12	18	14	30	25	29	26	32	34	27	21	16	23	1	1	3	3	4	25	26	30	25	13	31	35	10	5	33	21	9	26	22	29	13	35	35	17	4	10	40	
1	22	12	23	21	25	13	16	12	11	23	18	29	25	27	11	1	3	24	5	12	10	36	21	27	21	14	12	22	8	12	22	25	11	15	18	11	8	25	14	11	21	5	17	4	27	20	15	12	20	
M4
19	35	28	16	14	27	19	11	16	13	17	33	32	7	16	11	3	18	23	19	15	29	22	25	35	1	25	24	12	22	20	17	28	32	3	3	18	12	20	26	16	24	32	12	13	1	16	28	24	16	
29	18	31	30	27	21	22	5	30	17	19	23	25	26	15	22	26	30	24	26	10	23	21	18	29	17	29	37	24	23	29	14	7	14	19	23	9	28	27	30	5	7	5	1	20	10	29	11	15	3	
8	20	21	18	17	4	10	9	27	4	4	9	14	20	17	1	13	4	27	5	13	20	21	5	5	11	1	4	24	14	4	19	14	20	21	28	11	6	21	30	22	1	25	26	24	14	31	9	16	22	
27	15	13	10	33	17	10	28	2	7	20	26	21	21	8	20	4	21	2	22	15	9	15	4	14	18	18	28	11	10	21	13	9	11	16	20	7	9	5	27	12	15	13	18	1	15	15	11	13	21	
21	8	24	21	15	7	23	12	11	25	11	35	32	11	15	8	28	22	26	24	2	26	28	24	8	8	27	39	32	1	30	3	21	35	13	26	12	24	29	21	19	8	15	17	27	28	12	24	18	15	
27	7	2	16	27	29	21	35	6	8	21	20	15	26	28	17	5	25	35	19	25	4	17	16	7	39	35	25	9	24	8	12	30	42	2	36	22	1	25	9	21	19	10	34	24	29	22	30	2	23	
28	7	24	17	34	32	18	20	32	2	11	7	32	14	5	20	29	25	32	2	24	28	24	33	35	8	22	33	4	19	25	17	5	41	1	12	21	14	29	13	2	25	29	9	14	11	25	30	26	25	
16	21	23	37	31	4	23	5	13	24	2	21	29	11	24	14	26	14	37	25	27	6	4	26	19	7	21	27	30	34	12	23	37	37	23	44	18	22	15	30	4	24	31	26	3	6	28	12	18	1	
24	6	30	6	27	33	22	23	25	5	14	21	13	26	28	23	7	18	26	17	6	13	5	10	26	23	23	4	21	9	19	29	4	2	7	15	22	24	16	18	34	7	9	23	3	6	28	13	17	23	
1	13	25	23	22	6	18	1	16	5	13	18	5	24	20	10	19	13	22	14	1	19	5	21	15	20	10	5	11	24	13	16	25	20	5	2	14	11	12	25	17	12	12	4	16	19	13	9	20	14	
10	18	8	30	20	25	20	12	24	17	10	28	21	14	20	12	4	24	24	27	16	6	26	22	23	29	23	17	13	23	8	14	12	14	15	4	14	8	5	5	22	11	21	33	19	18	10	22	20	5	
4	20	17	12	9	1	12	10	24	17	17	17	9	26	26	13	9	17	7	9	17	14	19	12	6	23	14	26	14	15	2	6	14	16	16	5	20	14	10	10	22	17	15	23	25	5	11	8	20	18	
17	16	31	23	20	13	32	12	26	22	26	31	30	35	26	31	7	23	35	27	23	30	9	32	37	31	35	2	38	12	30	6	17	19	16	37	20	29	33	24	22	35	8	35	27	23	20	15	14	8	
8	18	23	21	4	4	22	19	27	17	26	22	23	7	26	7	8	30	14	25	18	21	26	26	24	30	29	29	20	22	29	25	21	14	19	11	26	20	17	30	34	9	21	3	17	18	14	19	23	24	
26	13	28	8	20	9	21	27	19	7	8	26	9	29	12	5	23	21	39	22	13	20	21	22	33	18	18	18	3	18	21	25	18	9	14	30	6	23	23	25	21	21	16	29	35	13	26	15	12	20	
1	14	28	18	20	10	15	32	33	13	11	21	10	6	18	25	12	17	10	27	14	15	13	2	22	4	26	27	14	18	1	25	12	10	15	28	22	17	13	10	27	23	10	26	11	14	29	26	25	31	
3	27	18	24	9	36	15	20	1	27	10	32	37	12	30	6	7	5	20	16	24	14	1	8	19	33	33	8	21	27	22	26	6	29	13	12	27	21	23	35	27	25	18	18	19	17	25	8	22	25	
26	23	32	10	14	21	10	6	12	22	4	27	20	23	25	18	2	23	23	4	19	8	22	11	23	16	26	18	19	31	2	4	17	32	15	10	23	9	2	22	20	4	25	29	21	24	21	28	17	19	
30	12	17	7	30	25	7	25	35	11	18	23	18	18	22	25	1	18	37	19	12	6	12	26	11	15	15	27	21	7	18	14	6	8	13	17	25	6	2	24	19	12	15	15	26	12	30	23	23	29	
18	9	21	16	1	7	18	3	22	8	17	5	10	26	23	10	12	14	10	26	9	16	17	24	22	7	26	22	11	1	22	16	17	5	10	2	17	11	13	10	19	14	12	26	3	9	15	23	20	15	
29	24	9	21	14	5	13	34	28	7	7	12	17	26	15	22	16	3	17	8	2	1	23	21	12	14	4	17	27	2	7	20	20	23	24	27	9	9	8	31	24	7	19	25	21	17	11	12	15	7	
12	18	15	23	21	20	1	27	40	13	21	12	7	25	16	28	6	5	15	11	28	19	28	4	1	19	30	5	15	23	19	3	16	24	12	23	32	22	11	21	12	28	31	19	4	22	27	27	1	17	
26	21	24	16	24	27	16	11	5	20	25	12	27	27	30	5	10	16	8	28	14	8	21	5	20	24	24	28	30	16	5	17	15	17	22	25	24	15	11	19	10	21	1	17	24	21	31	32	25	24	
12	9	15	12	22	17	6	29	21	4	17	23	1	6	1	27	6	21	4	2	9	11	17	9	16	20	18	31	10	12	8	2	11	5	10	22	28	11	6	10	9	2	12	20	18	9	3	10	11	18	
2	13	4	22	37	26	3	28	15	12	4	20	20	27	18	28	20	10	18	15	13	20	21	22	30	21	25	5	17	18	26	13	18	9	14	20	19	17	21	25	13	28	16	22	25	9	10	22	7	25	
25	17	12	12	6	22	12	30	13	16	16	27	23	9	11	18	6	18	4	22	17	11	6	19	16	20	20	25	15	8	23	19	11	13	8	22	5	11	2	29	2	17	17	20	11	17	8	10	11	17	
28	20	25	15	14	8	7	28	29	1	1	6	11	20	14	21	10	1	27	2	18	17	21	31	23	8	23	11	21	12	1	20	14	17	18	25	8	3	18	30	19	1	22	26	29	11	28	6	13	22	
26	8	8	17	19	13	12	25	28	6	6	11	15	25	19	26	11	4	9	7	5	15	16	35	2	6	3	16	23	13	6	24	1	4	9	27	13	8	12	13	24	6	9	16	33	8	30	11	9	25	
18	14	27	27	26	20	18	10	2	13	13	18	4	31	8	5	19	13	22	14	10	21	3	24	3	20	10	11	9	11	13	16	8	10	3	2	6	11	19	25	21	13	17	26	25	14	15	18	12	15	
26	8	31	6	37	32	27	34	31	7	16	7	15	19	41	16	2	20	34	24	8	15	6	26	28	17	25	36	8	13	21	25	30	4	3	33	35	27	4	5	1	28	11	25	14	8	26	23	13	22	
25	6	24	17	3	22	7	20	30	15	15	20	25	30	11	18	19	15	38	10	1	13	30	24	30	22	12	10	11	20	15	28	22	31	13	21	5	17	1	30	19	15	7	25	14	16	12	17	11	19	
21	12	21	9	9	2	27	33	22	10	24	32	34	18	11	10	24	4	34	6	10	17	24	11	26	17	24	37	28	24	20	3	3	31	21	31	20	20	29	3	1	14	29	38	24	34	9	9	16	34	
11	7	18	14	18	23	17	27	5	20	22	16	28	25	27	34	22	19	42	23	2	26	8	37	15	29	19	3	10	10	4	11	5	17	8	29	21	22	3	29	8	22	3	20	32	21	32	27	8	12	
20	2	26	36	34	29	26	28	25	1	10	25	9	39	35	27	12	14	28	19	2	9	10	29	22	29	19	30	17	7	15	28	24	37	3	29	29	21	12	14	37	22	5	19	29	2	26	26	13	19	
29	24	20	23	22	16	15	20	10	9	9	9	17	19	22	1	18	4	17	10	19	19	29	16	29	6	6	19	29	2	9	28	22	20	22	31	16	11	20	20	12	9	12	11	23	11	8	14	21	6	
9	26	18	21	23	17	9	1	13	21	11	26	32	24	14	1	10	24	13	21	5	19	17	15	25	20	21	14	2	21	24	7	18	22	4	7	8	2	10	16	17	14	22	28	16	19	6	18	14	6	
15	29	17	24	30	31	25	20	33	17	8	27	33	20	1	8	22	17	31	12	33	16	30	27	22	36	30	31	15	39	27	31	17	40	10	33	32	31	34	31	10	10	9	39	30	11	15	7	1	9	
27	18	16	13	11	17	7	13	22	15	21	24	22	24	18	11	7	15	5	19	10	12	18	16	17	21	19	32	19	13	11	19	12	14	18	23	12	12	8	12	19	18	5	21	19	16	4	14	18	21	
21	30	6	27	19	19	21	6	25	28	20	12	21	29	14	13	22	18	25	24	17	24	22	24	28	23	27	17	14	33	30	3	21	32	16	5	20	13	9	11	19	26	27	22	5	4	18	27	4	18	
14	19	20	27	9	4	13	1	2	18	15	27	25	13	17	24	11	23	19	3	17	2	4	22	19	5	29	7	27	2	25	21	26	15	20	35	11	18	6	17	17	26	22	32	16	2	23	23	17	4	
23	27	28	28	35	9	37	36	16	29	28	19	21	42	36	36	31	20	39	19	1	25	34	39	28	38	28	21	27	26	16	33	23	26	28	35	30	7	6	35	35	28	33	41	35	30	32	35	2	19	
25	8	33	23	9	21	4	31	17	14	14	19	13	8	19	34	17	14	15	15	12	11	9	24	11	21	11	20	18	23	14	26	2	24	15	26	21	10	18	27	16	9	28	23	28	10	39	19	17	35	
19	11	11	4	5	14	11	11	8	10	13	20	15	29	3	7	6	18	10	21	11	7	19	21	16	19	24	24	6	3	24	17	2	7	12	3	18	12	13	16	23	23	14	10	24	11	9	19	15	16	
3	3	27	25	23	18	5	13	27	17	26	22	2	29	20	26	24	20	47	17	21	30	29	9	35	23	30	30	6	26	4	1	19	29	16	27	21	29	21	19	15	30	27	24	12	24	15	5	4	26	
20	29	29	9	5	20	19	12	24	6	13	18	17	32	14	12	21	13	24	14	16	28	8	16	35	20	10	23	8	15	9	4	22	29	14	4	19	13	11	22	12	13	32	30	27	23	17	18	25	17	
12	1	18	28	14	21	28	5	24	13	18	29	33	28	27	19	25	17	34	25	26	15	19	5	10	24	21	34	41	4	24	4	22	22	27	39	31	26	30	22	4	24	29	29	20	23	6	18	24	18	
35	25	2	22	20	6	14	30	8	8	7	13	18	17	11	28	9	8	34	9	11	16	15	2	22	11	5	18	28	17	8	27	21	21	25	23	15	10	25	32	22	8	28	33	5	15	3	2	9	22	
32	17	34	34	31	25	7	32	39	5	27	5	35	24	22	20	22	3	36	6	29	33	31	24	29	25	24	36	21	12	27	13	19	40	18	29	25	3	35	30	19	11	16	26	26	22	22	8	27	2	
25	18	27	2	1	35	1	28	11	13	18	18	11	24	5	18	32	12	40	13	18	24	11	12	11	2	25	38	15	30	28	28	16	44	12	20	5	25	24	24	13	16	19	20	3	20	25	17	11	19	
23	21	25	26	13	19	4	28	19	16	6	3	30	14	9	16	10	21	39	8	7	24	13	28	28	22	34	15	13	13	14	2	19	28	15	26	3	7	13	20	16	18	17	23	28	19	23	15	5	17	
M5
20	30	7	33	19	12	39	15	44	21	1	25	37	41	38	35	20	33	38	4	10	36	23	31	41	20	42	21	18	34	41	29	22	32	31	21	23	44	2	37	30	5	21	3	35	29	34	14	27	25	
25	2	14	26	24	21	24	9	20	15	2	3	12	39	46	11	27	24	20	13	18	20	22	16	28	19	22	5	22	2	6	16	24	28	12	24	2	22	13	21	8	37	13	35	22	21	27	24	34	18	
6	18	16	10	19	7	40	3	3	8	32	5	25	21	33	10	26	28	14	1	10	19	26	14	21	40	15	14	29	4	30	28	18	6	32	10	29	4	9	25	25	26	21	25	5	5	22	22	25	22	
18	23	12	19	24	23	46	8	28	25	12	13	20	37	21	10	32	22	17	21	26	27	33	24	13	14	17	31	29	27	14	11	23	25	12	28	34	30	10	23	25	5	26	22	28	16	17	29	48	37	
16	11	37	21	34	16	27	23	28	14	4	34	11	34	34	19	8	26	24	21	26	27	14	6	2	43	33	36	32	4	14	37	31	40	20	38	7	16	6	4	25	17	29	13	37	31	11	8	41	12	
16	6	12	8	22	29	17	32	27	24	25	21	11	38	10	11	34	5	22	20	25	8	42	6	13	17	14	31	12	12	13	5	3	8	19	6	9	27	21	37	2	36	4	21	18	14	25	13	9	38	
26	21	23	37	31	41	12	34	10	4	19	10	14	19	13	23	46	9	30	1	12	35	1	21	35	23	19	18	34	18	28	23	37	5	34	31	14	42	29	40	28	7	15	4	29	18	26	28	4	7	
16	1	12	4	2	3	36	26	23	31	22	24	8	18	26	18	10	24	18	20	32	18	43	25	32	36	33	16	12	5	20	12	1	27	26	6	12	16	12	8	17	24	4	26	6	14	5	17	28	38	
14	35	10	37	20	28	5	33	2	27	16	24	16	36	9	16	49	5	20	20	20	29	26	28	24	41	31	13	41	24	38	10	35	10	29	27	4	6	14	23	15	16	2	13	12	10	23	15	35	17	
24	39	20	28	4	29	29	47	40	35	27	21	29	10	4	3	26	14	6	14	41	14	10	36	25	49	28	27	27	7	33	5	40	4	39	42	20	47	14	30	25	43	12	34	7	21	24	25	37	24	
18	10	26	9	27	28	44	11	33	30	25	16	25	31	23	4	28	16	28	26	23	43	35	13	22	41	30	18	1	30	19	17	6	30	25	9	28	35	18	22	5	21	26	13	31	16	6	18	22	33	
26	22	4	19	5	22	29	23	3	2	27	33	27	21	36	16	32	15	4	26	4	11	5	26	9	41	3	17	25	22	37	34	11	32	43	5	30	45	3	14	40	25	41	42	25	11	36	5	22	24	
18	12	9	3	7	37	20	22	3	47	1	35	23	9	25	26	6	20	29	13	14	7	36	23	12	37	16	30	2	34	38	4	16	10	38	24	31	45	6	28	21	29	27	6	38	21	15	6	18	29	
10	35	21	32	22	39	12	34	9	7	11	1	35	38	36	33	10	3	21	37	21	28	13	20	26	38	8	33	14	22	32	30	28	26	26	4	2	43	20	12	11	16	33	35	25	28	40	22	21	15	
26	7	26	32	14	34	35	17	1	12	4	27	38	34	46	27	19	35	21	36	1	13	31	34	39	30	43	32	14	15	32	26	32	38	32	37	26	38	30	19	31	19	18	22	32	9	18	26	31	25	
20	29	21	10	22	38	1	23	20	19	32	1	4	33	5	22	30	32	21	29	21	20	22	24	26	9	20	34	3	1	30	13	8	19	29	17	7	6	20	5	22	22	28	18	40	16	42	22	26	39	
32	17	38	29	24	30	49	38	12	15	7	25	10	35	25	8	25	46	18	11	16	13	41	14	41	29	2	26	22	3	4	27	20	20	10	26	21	11	33	13	14	39	39	28	27	33	13	43	10	15	
18	20	14	21	21	22	46	5	39	3	24	28	23	33	41	19	29	30	24	24	22	34	37	24	9	35	14	35	3	24	32	14	20	42	38	18	2	29	31	3	19	22	6	13	20	16	24	19	26	44	
3	18	33	3	33	13	21	22	21	13	26	39	4	21	13	19	29	34	10	11	26	37	11	11	29	40	6	43	2	7	14	18	32	23	20	21	33	30	30	19	18	21	25	31	19	21	25	8	25	1	
31	17	10	26	30	31	5	14	26	8	19	25	4	46	1	17	33	40	9	18	10	43	25	10	22	8	24	42	18	8	12	30	29	49	18	31	31	2	12	9	23	31	23	35	3	33	24	30	37	13	
31	35	1	39	13	20	20	29	14	15	49	7	40	22	26	11	4	16	19	8	27	19	25	14	10	27	18	39	25	11	44	34	4	17	17	16	2	40	2	11	34	6	26	30	6	14	33	3	11	39	
20	30	32	32	5	8	24	40	8	30	23	12	5	21	21	24	16	8	12	8	1	6	29	30	7	6	21	39	33	25	37	29	7	21	11	30	18	16	12	42	26	35	28	22	42	10	28	21	6	32	
14	14	12	14	22	10	43	10	30	7	19	31	26	38	36	18	4	28	22	22	18	11	43	30	35	30	13	8	23	24	39	12	25	34	29	30	12	2	10	18	17	34	4	22	18	14	23	17	35	39	
13	26	9	27	5	27	6	25	16	13	14	44	8	29	24	7	23	25	16	9	14	7	46	12	30	31	26	35	18	23	2	9	33	33	8	17	9	5	39	44	13	37	1	23	15	11	22	14	18	31	
21	23	22	5	6	1	31	13	24	3	31	5	27	31	7	9	37	22	4	34	25	25	26	21	25	34	24	38	25	29	30	19	20	4	36	23	22	16	24	17	19	33	20	38	33	30	28	6	26	22	
6	13	37	26	1	20	16	11	23	20	9	25	15	20	23	14	4	29	18	6	21	12	9	19	42	38	30	26	27	25	9	32	26	15	15	11	35	25	19	33	20	12	29	27	15	38	15	18	28	10	
13	9	10	27	20	21	6	38	11	29	27	18	25	36	8	16	7	26	5	20	31	23	32	19	43	40	28	34	26	24	19	4	29	14	25	30	10	34	19	43	9	37	2	24	16	12	22	15	45	18	
12	20	31	2	21	22	14	5	4	21	8	28	27	37	35	10	10	7	7	32	39	37	37	37	38	33	15	25	28	24	36	18	20	46	9	25	31	18	5	7	24	25	23	40	25	33	2	34	47	27	
5	23	21	6	24	25	37	8	25	38	17	42	30	18	26	27	15	24	15	14	40	37	22	9	15	30	17	38	34	27	42	4	19	39	33	14	21	37	31	14	7	34	13	19	27	7	27	19	11	35	
18	20	28	23	21	22	41	5	41	5	41	35	24	26	33	27	22	42	1	9	1	1	6	23	35	24	14	23	21	18	34	28	7	28	26	25	28	21	31	27	33	18	20	37	25	1	24	7	44	19	
31	31	30	21	16	22	41	34	10	7	8	43	2	33	36	1	17	40	10	3	8	44	40	6	33	25	33	29	14	36	22	19	38	43	2	27	34	12	40	40	7	46	39	45	36	25	17	35	34	25	
23	20	21	3	13	38	9	26	24	12	35	39	29	20	20	35	33	19	6	6	38	9	27	27	33	24	20	19	6	9	39	22	25	25	35	23	14	7	17	17	25	2	24	32	38	25	21	33	5	26	
21	18	30	14	20	21	17	4	13	12	10	41	7	5	28	6	22	18	1	8	13	36	31	11	31	17	26	29	4	12	1	20	19	13	7	24	17	17	29	6	12	18	22	28	24	23	22	3	27	3	
20	20	12	23	26	6	36	14	33	40	10	25	21	31	32	4	10	2	26	26	16	30	32	1	35	27	20	40	34	29	34	16	17	23	39	28	4	24	14	36	5	9	8	23	22	18	23	5	31	36	
29	2	12	18	22	38	45	21	21	34	13	25	4	46	10	9	31	6	16	6	15	42	19	10	19	26	14	27	37	24	28	18	27	47	34	31	9	5	35	36	21	39	35	15	41	31	22	5	7	36	
11	1	35	15	34	21	13	29	2	29	23	24	10	22	10	23	11	34	36	3	39	41	39	16	10	26	18	17	9	23	27	25	22	12	21	35	9	19	10	21	28	21	34	13	25	25	6	17	29	29	
4	2	3	38	45	33	45	31	4	10	24	25	34	4	30	33	17	16	42	29	30	2	26	12	10	37	2	4	37	18	28	17	3	14	34	27	11	36	31	43	3	27	35	13	42	5	21	38	18	28	
15	26	32	13	27	4	37	13	34	31	24	17	18	45	30	4	37	25	5	15	23	9	9	26	1	11	9	22	25	7	20	1	12	28	24	26	29	36	34	22	22	41	24	1	4	29	31	32	29	17	
18	8	15	19	19	20	17	3	10	38	26	31	18	31	22	5	27	31	24	25	26	35	35	11	28	9	22	7	1	22	34	15	12	4	26	23	15	10	29	12	18	12	7	12	8	17	22	20	7	20	
34	31	15	33	39	9	19	31	23	33	34	35	29	29	16	36	15	17	32	12	3	17	2	12	38	2	34	19	24	6	38	30	28	9	44	12	34	15	30	7	22	11	27	28	31	23	30	12	21	49	
15	9	11	32	21	29	38	18	22	21	28	3	33	37	27	17	12	27	10	7	23	24	8	29	25	20	2	28	24	2	29	11	4	13	9	20	11	19	5	12	16	6	3	25	17	9	8	6	12	30	
37	11	22	22	13	25	22	25	21	20	20	2	20	39	12	34	27	20	15	4	22	29	23	34	7	18	21	28	22	33	37	12	29	3	35	23	20	15	15	6	24	25	36	48	29	10	44	4	40	22	
7	28	3	35	13	21	47	40	33	40	20	49	36	29	36	9	45	19	13	13	42	27	42	21	45	35	36	39	34	17	31	3	28	31	37	32	3	31	33	41	8	34	33	17	9	5	16	8	43	33	
23	19	19	4	9	27	16	35	15	12	13	40	7	38	20	2	6	6	2	8	13	47	29	1	38	2	20	2	19	24	1	8	34	35	7	32	32	17	18	27	12	32	44	2	13	5	22	29	5	16	
4	19	19	22	18	21	40	4	32	33	26	34	26	36	28	15	28	26	20	16	24	10	35	26	35	1	27	29	10	3	28	14	5	36	34	24	30	2	30	25	28	15	22	17	21	2	23	7	33	1	
23	21	2	24	20	23	28	6	25	24	25	11	10	1	1	18	28	12	27	16	4	18	24	11	36	23	19	11	31	14	13	19	19	35	19	26	18	29	15	28	24	8	11	33	25	21	25	10	4	5	
25	7	27	19	14	18	39	1	18	13	29	30	23	33	41	26	8	29	12	28	33	33	7	15	25	38	26	31	8	1	21	24	4	15	27	21	27	31	25	5	21	39	19	30	21	27	18	2	26	23	
27	15	13	3	33	36	10	34	26	13	10	12	34	29	20	28	32	36	11	19	6	37	6	6	2	24	18	38	32	26	40	16	20	12	14	25	37	48	31	25	18	23	36	9	12	15	4	33	5	28	
8	10	38	24	39	23	36	25	7	17	30	30	42	48	1	36	43	25	32	28	21	43	30	30	35	5	1	19	33	28	36	44	31	34	32	40	32	40	34	31	38	18	36	36	37	10	8	40	46	15	
9	2	11	32	21	29	46	14	12	17	24	25	16	37	26	7	38	14	21	21	28	12	11	14	18	32	37	27	26	24	19	11	29	39	7	28	2	35	26	1	5	35	3	20	17	13	24	16	33	22	
M6
31	31	1	19	16	20	29	25	17	23	26	32	6	21	13	17	32	22	26	32	10	27	26	1	20	31	33	19	11	2	6	34	27	24	35	4	2	13	20	12	34	4	26	16	3	23	6	25	15	3	
3	11	21	10	12	30	3	15	25	1	26	3	20	16	21	29	14	17	12	15	3	20	9	16	22	25	5	18	19	14	22	9	16	16	29	15	30	11	20	12	21	10	18	8	34	12	24	31	20	11	
40	32	20	8	29	7	11	11	7	25	11	5	1	29	23	31	6	1	28	25	30	20	13	15	8	31	7	20	4	28	30	34	28	16	3	11	16	8	23	25	5	7	27	26	25	4	28	27	21	19	
43	19	14	38	44	30	33	31	42	42	24	37	24	25	45	29	9	6	27	10	42	30	41	27	12	22	29	21	31	21	19	30	31	19	2	16	49	31	36	38	4	11	27	9	30	35	10	35	23	19	
20	4	4	27	19	2	15	2	31	20	34	23	14	2	12	27	24	20	11	16	21	3	12	35	35	32	23	26	22	1	23	25	29	14	36	18	23	30	18	15	26	29	19	17	35	13	30	18	23	10	
11	31	23	37	25	31	17	33	8	44	35	36	24	8	35	19	26	4	10	18	24	31	37	19	36	16	20	23	29	19	36	39	31	22	25	16	2	31	34	30	16	9	40	9	25	35	10	19	4	36	
16	36	2	20	33	25	19	10	6	11	26	6	22	24	12	10	25	31	32	24	24	1	20	12	31	31	17	38	22	17	3	17	31	16	13	16	11	15	1	22	2	20	21	6	30	18	25	26	26	18	
26	22	9	20	35	9	7	17	28	34	34	29	6	25	27	19	16	26	30	8	13	3	4	35	33	45	26	34	14	34	26	17	38	6	36	30	15	38	10	31	18	24	27	9	35	30	22	10	17	2	
15	18	16	5	6	9	14	1	26	20	4	24	13	22	30	18	23	33	36	15	20	10	11	10	29	31	6	16	20	3	25	20	28	13	13	23	5	4	17	21	25	15	30	16	30	18	7	17	20	9	
19	22	22	1	14	22	16	7	18	5	17	11	19	7	12	23	16	26	39	21	19	16	17	7	25	16	31	21	17	20	17	3	12	7	39	31	28	2	23	18	17	1	9	22	27	35	15	23	21	15	
21	23	13	21	8	36	22	22	21	12	30	31	22	27	8	21	8	2	16	10	35	25	30	5	24	33	17	31	15	1	32	23	30	26	20	15	28	17	4	16	14	3	29	20	25	31	18	29	19	17	
14	29	24	36	1	17	6	24	22	33	25	28	22	23	16	9	24	30	15	12	3	11	26	10	27	40	23	36	20	23	4	34	37	21	1	25	2	22	1	21	24	23	35	5	29	33	23	32	7	10	
38	32	3	29	17	41	38	26	10	32	22	22	19	20	21	6	21	4	20	27	20	21	2	2	21	22	22	23	2	15	1	21	17	3	34	31	30	14	5	13	14	28	25	17	22	22	15	16	16	20	
37	27	14	30	26	9	31	18	16	33	19	29	16	12	23	3	18	9	12	11	17	18	7	21	40	40	26	39	23	34	16	13	37	15	22	1	19	21	25	31	21	2	35	17	31	8	26	23	30	26	
7	19	22	14	8	2	4	17	3	14	31	14	25	21	3	24	38	43	36	15	31	1	27	28	34	21	33	29	37	5	9	25	12	13	33	27	31	9	21	5	6	15	5	5	37	34	16	25	17	25	
39	16	27	17	33	26	35	27	3	20	6	34	3	4	20	6	5	11	16	31	4	5	30	14	33	41	22	28	10	27	29	20	27	2	31	18	32	26	33	21	38	29	22	4	31	30	27	13	28	35	
14	8	11	20	22	17	10	2	32	32	17	32	14	33	35	27	16	34	35	8	21	3	12	22	16	28	13	3	22	35	4	25	2	14	39	3	23	7	16	12	26	32	21	6	34	30	30	18	23	10	
3	11	28	37	31	28	10	13	30	37	25	23	5	6	26	31	4	3	26	27	16	22	17	18	5	47	28	26	21	31	4	21	26	9	1	3	19	26	22	29	25	26	5	5	2	33	26	6	6	21	
4	7	20	29	37	30	28	15	15	32	17	20	15	3	25	2	17	23	28	2	16	17	25	26	14	7	1	27	6	30	37	14	18	14	35	6	36	4	31	10	39	21	29	16	3	14	23	25	27	23	
33	33	19	37	1	2	1	27	11	28	5	23	27	29	25	24	20	29	47	41	7	18	37	29	14	27	34	31	12	31	20	2	4	32	25	12	13	31	8	26	19	22	35	23	23	18	22	43	25	35	
12	4	35	39	2	30	29	38	27	33	30	20	20	27	22	26	16	35	3	26	22	22	43	26	35	2	25	30	3	24	25	2	11	18	6	30	26	28	30	15	36	20	26	11	4	13	27	26	27	26	
2	32	19	34	32	2	32	20	25	25	14	26	13	4	15	28	4	4	11	15	26	6	30	34	35	6	33	27	14	24	28	29	26	32	13	7	13	8	18	27	1	28	37	16	1	17	38	23	10	13	
1	33	20	31	2	20	18	5	24	44	36	4	17	1	10	20	10	23	41	19	24	14	5	36	6	8	34	19	22	31	8	9	32	17	21	15	26	5	21	11	1	30	33	11	39	20	33	21	5	8	
30	33	28	18	18	30	27	15	7	36	16	23	18	19	20	7	22	28	33	22	21	21	16	15	10	21	32	17	1	4	39	25	25	14	39	20	24	3	10	2	37	25	24	6	11	20	4	15	5	23	
19	31	20	30	15	10	4	11	5	21	33	6	20	30	10	29	33	35	6	7	30	20	8	24	34	29	28	30	17	25	20	32	35	23	27	33	31	30	21	8	16	29	36	2	30	13	17	21	30	19	
44	34	37	21	14	46	44	32	23	48	12	4	34	33	15	28	34	31	44	36	4	34	37	12	21	41	21	12	14	7	18	7	28	27	27	31	16	24	12	5	22	6	33	14	32	32	25	8	24	40	
16	4	26	28	33	9	29	28	25	35	6	14	26	17	24	25	7	27	23	34	36	30	10	9	27	20	8	18	19	22	29	20	3	32	7	5	8	8	28	11	20	24	3	21	23	35	22	8	23	23	
39	1	13	12	18	10	25	27	11	15	32	24	16	16	35	34	5	36	31	33	24	23	20	30	13	4	30	15	23	13	23	26	23	19	37	18	31	12	14	24	4	3	30	24	18	27	2	9	15	23	
20	19	14	26	31	33	29	29	18	17	24	12	2	21	1	16	31	14	31	15	30	2	30	5	24	27	16	15	5	18	31	18	12	10	38	13	38	16	24	3	18	26	5	8	3	2	6	16	6	17	
1	21	32	30	31	45	24	34	12	21	4	21	23	6	23	10	25	2	15	8	21	23	15	27	23	1	23	29	4	24	31	23	23	22	18	25	9	13	20	22	32	2	27	6	17	13	21	7	28	39	
29	22	28	24	27	37	13	32	8	40	4	35	22	22	31	24	39	1	37	22	38	22	25	8	21	38	15	16	18	21	11	42	29	24	16	24	27	20	7	19	2	29	13	10	27	2	8	22	16	19	
11	4	11	30	8	37	26	34	25	40	30	2	17	8	28	26	12	30	32	40	30	24	39	26	39	41	31	2	24	6	19	46	15	33	38	19	18	2	17	23	8	15	40	26	11	27	3	44	16	29	
16	33	29	21	34	28	27	14	30	12	34	26	3	27	15	30	20	19	39	28	26	23	18	14	4	6	36	9	7	27	14	23	32	26	38	34	35	7	26	25	24	20	24	6	12	27	18	30	1	22	
5	15	3	13	16	15	14	19	12	4	29	23	31	19	24	32	25	6	26	26	2	23	29	16	2	27	42	18	26	28	10	15	24	19	43	41	9	14	2	27	29	13	21	30	36	38	27	11	30	27	
29	32	26	15	29	28	11	13	24	19	18	17	16	23	39	11	26	32	4	27	25	9	23	34	35	32	6	17	27	9	30	12	39	23	7	31	34	27	28	16	29	28	29	25	28	35	41	29	36	21	
9	29	19	30	40	19	3	4	21	30	1	25	16	7	27	18	1	5	14	18	9	13	9	20	25	16	7	24	10	2	22	27	23	16	28	24	19	28	20	9	21	18	24	19	30	15	27	20	17	7	
5	9	13	29	24	41	14	26	18	37	27	5	29	27	23	18	26	5	33	29	32	26	1	2	16	18	34	28	12	15	14	31	36	25	29	31	35	14	4	2	28	5	2	17	22	9	15	3	3	6	
38	34	12	22	30	9	19	6	21	29	24	30	18	6	33	21	28	30	42	20	2	13	16	35	41	35	3	32	26	12	28	24	17	16	18	10	27	18	22	26	22	33	12	21	27	7	19	22	29	14	
33	13	15	15	10	18	30	17	5	6	13	25	21	21	25	22	10	3	10	4	12	18	21	16	3	28	10	10	6	28	29	17	14	8	3	5	23	16	22	27	30	1	23	1	5	16	22	5	30	16	
25	44	34	21	1	16	41	29	4	33	16	21	24	38	19	30	22	38	47	43	29	16	32	35	25	27	34	18	25	17	32	14	1	15	28	23	33	28	24	43	16	31	21	27	18	42	35	43	22	15	
3	20	25	30	29	1	8	10	19	35	23	10	3	9	32	19	13	15	31	24	29	19	5	3	22	30	6	19	13	12	27	13	10	2	37	11	25	15	8	7	26	29	36	18	23	16	16	4	9	18	
35	9	3	38	29	32	32	25	33	29	9	42	23	7	38	30	8	35	10	11	44	2	35	17	30	38	32	22	21	26	32	20	27	10	39	17	44	29	8	16	44	23	31	19	24	25	9	41	22	13	
36	38	25	20	20	37	7	27	19	23	17	29	15	13	1	19	32	30	11	26	30	22	10	3	9	33	20	14	13	16	26	34	22	26	17	17	16	2	9	14	6	1	14	6	20	26	1	27	14	27	
35	34	28	39	18	19	29	16	32	37	7	38	14	34	8	26	16	35	42	27	18	25	14	35	17	18	16	21	12	41	28	27	25	25	28	1	1	25	11	20	5	35	25	3	33	32	24	8	35	24	
21	9	19	25	15	25	36	31	24	16	15	20	36	31	36	29	16	13	39	22	25	14	9	13	17	5	4	33	23	1	32	15	21	31	43	37	5	1	29	17	17	23	33	28	1	34	26	29	10	17	
20	10	20	11	16	37	2	22	14	7	2	20	14	2	14	1	16	22	27	35	3	8	13	22	32	31	17	5	16	29	21	1	22	13	9	26	29	14	1	32	13	16	4	15	37	21	20	24	33	14	
31	45	14	44	32	30	11	19	30	38	36	33	2	3	28	20	19	22	17	33	34	9	24	32	26	35	16	1	9	40	30	42	9	31	23	4	38	9	14	30	29	9	32	33	30	13	28	35	1	14	
27	3	22	22	2	34	13	22	1	17	1	35	33	25	7	39	36	13	25	5	24	16	27	28	31	26	15	21	38	16	1	16	20	27	34	24	28	22	10	35	2	26	17	35	19	4	19	14	11	30	
39	9	24	23	3	12	22	9	1	14	19	33	13	29	5	30	31	3	35	19	12	18	19	14	26	16	25	32	24	13	7	25	9	10	38	36	6	24	25	20	15	23	29	12	33	5	27	20	15	17	
6	34	15	13	33	27	25	12	32	14	22	7	24	1	4	32	24	40	33	26	29	21	22	16	9	38	8	20	26	29	24	25	24	24	15	6	32	24	9	17	29	23	3	10	36	22	24	8	30	20	
M7
28	36	7	23	12	2	29	19	31	2	32	33	39	18	21	38	6	21	27	22	22	19	34	25	29	32	41	26	1	33	25	22	35	19	20	34	35	30	9	7	29	13	10	19	30	21	31	30	32	20	
28	14	11	9	11	32	33	42	34	28	28	12	18	22	8	34	23	21	19	28	44	2	5	19	17	27	19	22	26	38	29	20	31	28	24	24	13	34	5	13	7	34	31	31	28	1	31	31	28	20	
23	21	31	6	33	32	12	33	24	26	19	25	29	1	28	41	27	4	31	7	32	22	33	24	22	29	38	9	5	24	8	5	29	11	3	21	18	18	3	15	16	23	13	14	22	20	40	25	21	28	
11	15	9	1	21	36	30	4	28	14	24	13	21	4	21	30	17	23	15	26	20	27	16	12	1	20	17	9	24	21	23	15	2	25	8	2	15	6	22	15	25	11	21	14	10	8	15	13	9	16	
11	13	4	9	41	29	15	9	8	13	30	12	27	15	20	29	6	11	5	10	20	13	27	24	30	17	28	23	5	27	22	14	16	25	12	25	17	27	17	24	7	8	20	15	9	7	27	2	11	37	
16	20	9	25	30	18	7	33	29	18	14	17	31	20	11	15	15	18	15	26	4	17	10	1	36	14	33	25	16	29	7	8	12	30	17	20	17	20	11	29	10	18	3	20	14	13	13	17	16	24	
27	31	34	39	13	10	25	36	15	29	42	28	37	24	7	36	33	28	19	30	35	28	5	33	1	37	27	25	16	37	31	17	41	20	28	25	10	42	27	35	38	17	8	28	25	4	23	22	27	39	
17	20	28	28	27	23	24	36	5	10	17	19	25	18	14	30	22	3	30	26	14	20	2	18	21	24	5	10	20	31	7	21	5	19	14	17	21	12	30	11	28	17	11	20	16	6	24	3	15	22	
11	12	18	25	9	28	10	7	18	9	3	12	27	29	4	29	11	7	1	17	22	6	17	15	34	12	22	9	21	18	11	14	22	22	11	8	15	9	20	9	28	14	6	17	9	11	27	12	11	12	
12	20	26	28	32	9	7	32	1	2	11	24	18	24	1	15	4	12	26	24	25	14	14	16	13	21	25	13	18	19	17	3	33	33	19	1	5	17	28	2	11	12	5	25	21	4	39	8	3	27	
9	7	13	20	19	34	5	34	13	12	16	11	23	24	19	28	6	2	32	12	17	1	12	10	29	8	24	9	16	13	21	13	25	26	6	24	10	4	15	13	31	9	1	12	8	6	26	11	7	14	
17	10	4	6	9	35	5	31	1	14	12	18	28	15	27	18	4	4	10	21	2	15	26	18	16	12	15	19	14	26	22	19	17	25	4	25	12	12	3	4	23	17	11	20	16	14	7	19	15	7	
9	13	22	13	5	33	34	7	26	11	29	6	13	16	18	5	14	33	27	7	35	12	36	22	15	1	6	29	22	4	23	12	24	2	10	23	15	21	12	22	13	8	18	28	7	21	23	5	9	31	
14	2	34	37	17	36	1	40	35	18	20	16	20	20	15	26	21	24	26	34	10	13	20	27	36	20	39	31	22	32	30	5	25	23	17	31	15	21	28	29	1	23	8	29	14	23	32	17	16	10	
12	16	18	15	37	2	5	26	4	14	31	13	8	29	21	30	16	32	16	1	28	13	23	12	18	33	49	29	22	28	2	15	19	39	13	27	18	32	22	15	27	21	21	31	10	26	26	3	12	39	
12	11	17	5	22	29	1	16	9	15	2	14	10	13	5	24	10	6	16	14	19	5	16	13	21	12	27	10	20	14	24	16	2	29	9	23	10	7	19	16	24	12	5	15	11	6	29	14	10	17	
4	1	32	23	26	27	29	28	19	6	22	5	20	15	3	6	10	26	36	16	12	25	29	17	5	22	27	24	9	16	6	7	19	8	5	19	3	13	3	17	17	13	7	10	2	15	20	5	4	23	
7	11	32	18	7	27	24	3	3	7	17	9	7	9	17	2	6	18	28	4	9	20	31	8	8	19	9	25	20	21	19	11	6	24	4	22	11	2	6	11	26	7	17	10	6	4	24	9	5	12	
27	31	37	34	24	10	38	1	37	23	35	29	31	33	11	9	4	39	9	25	31	38	23	4	27	41	11	8	40	4	29	11	22	15	20	27	25	22	18	31	17	27	15	21	26	24	30	17	25	26	
16	1	17	5	26	41	12	16	31	19	23	18	5	28	26	14	22	21	33	21	25	26	10	17	8	22	31	8	1	30	1	20	27	27	10	10	20	11	1	20	6	16	25	17	15	13	13	18	14	18	
13	11	17	24	23	25	9	38	17	16	2	8	27	28	23	8	3	6	32	16	21	5	16	14	33	2	21	13	4	17	21	17	7	30	10	15	14	8	17	17	29	13	1	16	12	10	23	15	11	12	
17	24	36	30	4	5	31	6	28	23	33	2	26	28	12	38	23	28	32	32	29	15	8	13	5	25	6	38	24	34	24	24	32	5	17	34	24	15	26	24	37	20	24	23	19	17	6	22	18	13	
22	20	26	14	17	11	18	29	22	9	11	24	36	11	15	5	18	15	16	25	25	14	25	9	37	2	37	19	29	26	21	26	13	30	19	37	5	17	12	26	4	22	14	25	21	2	11	16	20	27	
10	31	24	31	37	8	17	22	21	5	28	3	3	5	25	35	28	32	15	14	30	10	21	21	18	22	23	21	23	15	9	31	7	18	19	8	14	22	11	31	19	3	30	11	26	15	42	29	8	32	
22	26	35	40	41	16	5	8	25	24	30	23	38	31	31	40	4	25	12	25	42	33	16	15	32	20	35	3	35	4	36	9	33	2	23	37	28	31	7	9	27	5	27	34	20	27	37	23	22	41	
24	28	27	28	34	41	7	33	2	27	19	25	24	16	30	25	20	13	27	17	9	22	30	20	18	10	4	10	21	34	27	28	24	10	21	28	28	19	34	28	31	20	1	27	23	9	23	26	22	9	
7	11	35	11	17	25	15	29	16	10	20	9	7	9	17	26	4	24	32	28	16	23	23	3	3	26	22	25	20	21	19	11	13	9	4	15	11	2	20	11	27	7	17	10	6	4	6	9	5	12	
5	28	21	37	40	19	15	15	11	9	19	25	25	2	24	25	20	23	18	32	9	6	8	22	20	14	25	10	9	25	6	10	24	38	10	11	15	25	7	17	22	18	18	7	25	2	14	5	9	29	
8	11	21	18	18	33	1	21	6	11	21	10	18	13	18	16	14	18	31	12	17	24	6	9	23	27	7	26	2	22	20	10	24	21	5	23	8	3	21	12	38	8	18	11	7	5	25	10	6	13	
18	18	9	1	28	20	1	34	24	21	9	17	28	8	10	37	15	13	18	23	27	12	23	8	26	19	12	20	12	24	13	22	11	11	11	10	18	13	22	22	26	18	6	21	17	15	8	20	12	15	
24	18	14	7	26	23	26	5	35	27	31	7	28	25	13	37	24	28	27	3	30	33	28	25	11	8	13	31	24	33	20	28	11	6	1	33	10	19	24	22	4	24	28	27	23	21	4	26	17	8	
33	31	34	35	5	3	32	42	30	20	29	11	35	21	33	32	33	9	32	10	29	22	35	23	35	13	23	12	31	30	13	24	26	30	24	19	11	29	31	38	23	34	28	37	33	31	18	36	32	39	
33	11	23	28	6	28	35	14	12	22	36	29	28	34	39	21	10	37	5	3	39	37	27	34	18	45	35	12	24	9	19	16	26	35	30	26	30	28	13	37	10	15	38	1	32	30	6	15	31	21	
15	13	19	25	22	19	1	40	14	18	4	17	29	12	25	34	12	8	31	14	23	7	13	6	20	14	9	15	8	14	27	19	31	31	12	30	16	10	21	19	37	15	7	9	14	12	21	10	13	20	
28	22	25	28	17	7	26	21	13	7	29	19	10	1	38	23	30	27	23	42	19	12	28	15	28	15	36	39	19	38	36	30	34	34	27	25	16	34	19	23	19	2	2	32	27	30	24	2	27	19	
21	22	31	13	29	39	23	37	31	23	16	22	17	42	30	17	17	13	7	1	6	5	30	28	9	6	27	21	18	10	22	8	21	37	12	11	4	22	6	31	9	20	15	30	19	14	34	22	21	26	
19	20	32	34	23	8	24	37	6	21	17	20	30	32	28	20	11	19	10	17	34	20	31	26	9	9	10	28	34	24	8	17	32	8	20	13	10	23	6	32	9	28	20	24	17	25	27	20	19	2	
4	8	32	15	14	29	23	29	21	7	17	6	18	23	14	23	10	21	31	25	13	20	31	5	32	23	19	22	17	18	16	8	20	21	1	19	8	23	17	8	37	4	14	7	3	1	21	6	2	9	
8	12	21	26	19	32	13	27	21	6	6	9	17	29	17	26	14	10	16	20	22	9	20	14	8	16	32	15	11	16	22	11	9	33	5	21	14	12	20	21	3	12	9	10	6	14	24	9	8	22	
11	15	39	7	21	26	6	28	30	13	24	12	25	6	5	29	7	28	20	28	14	27	26	21	21	24	5	10	24	14	25	14	26	23	3	17	17	16	23	7	12	20	20	1	9	18	16	12	11	19	
24	16	29	35	13	4	15	3	10	26	21	26	10	7	34	27	22	19	15	10	11	24	12	11	30	21	30	15	13	14	31	26	24	7	21	3	26	19	30	28	16	2	20	10	23	4	11	11	22	27	
17	21	8	24	13	33	23	42	17	9	16	19	26	6	16	30	23	20	12	25	14	11	19	18	5	17	32	14	23	29	26	5	29	17	14	32	1	12	21	21	26	17	19	7	16	12	34	17	15	22	
14	31	1	17	13	35	23	33	16	27	27	29	7	12	29	33	31	5	6	18	20	5	16	11	22	30	30	20	5	15	16	16	11	7	14	32	25	22	14	26	5	27	24	19	26	24	41	10	19	32	
12	16	29	23	22	21	16	37	8	5	25	14	8	28	22	31	9	4	9	24	21	28	20	13	22	31	6	3	25	24	24	16	3	1	9	27	16	7	25	16	33	12	3	15	11	2	24	14	10	17	
1	5	32	43	33	25	28	25	20	3	21	2	17	22	10	19	7	25	41	24	34	24	28	14	31	29	38	21	16	17	15	4	16	29	2	16	7	27	13	14	33	10	10	20	27	29	17	2	1	37	
17	9	1	17	27	22	19	40	27	20	12	19	7	1	27	12	11	15	33	4	10	11	26	18	20	5	32	20	6	1	10	16	25	22	14	24	5	12	14	21	27	17	15	20	16	14	34	15	15	1	
11	5	8	19	11	3	17	33	25	13	10	12	27	19	20	29	17	14	15	24	27	13	13	8	27	20	11	21	2	4	25	14	17	29	12	26	15	16	16	24	18	7	12	24	9	17	27	12	11	1	
10	2	27	34	33	2	19	34	27	12	12	11	9	13	19	25	16	16	39	26	18	15	26	23	40	4	37	5	4	26	2	13	25	5	11	22	7	18	17	23	22	15	15	26	8	3	26	11	10	20	
24	25	31	38	33	44	23	29	15	13	16	25	12	17	26	42	16	20	40	19	35	19	30	9	27	24	35	16	11	12	10	27	39	26	19	13	2	22	33	28	34	5	19	29	22	24	32	25	24	32	
23	26	8	24	4	26	22	32	1	20	17	23	3	18	5	23	18	7	3	21	7	2	31	16	19	17	3	23	18	16	17	23	19	25	20	20	9	18	3	22	11	12	16	26	22	20	21	17	3	4	
